	1	1.7198884165838804E-4	0	0.9998280111583417
	1	0.9599198849880086	0	0.040080115011991296
	1	0.9988168476990211	0	0.0011831523009789076
	1	1.1121119732148092E-4	0	0.9998887888026786
	1	0.0043933728966744695	0	0.9956066271033256
	1	7.082392939687939E-4	0	0.9992917607060312
	1	1.435078702465398E-4	0	0.9998564921297536
	1	4.671017932384911E-5	0	0.9999532898206761
	1	4.191343622401692E-4	0	0.9995808656377597
	1	9.224555539987568E-4	0	0.9990775444460013
	1	0.9984194764366546	0	0.0015805235633454013
	1	7.837734588353533E-4	0	0.9992162265411647
	1	0.993663009878115	0	0.006336990121884934
	1	1.1472090200128581E-4	0	0.9998852790979988
	1	1.4331029229309046E-4	0	0.9998566897077069
	1	0.9935903910777267	0	0.006409608922273343
	1	0.0036488984674102015	0	0.9963511015325898
	1	0.01797359395592162	0	0.9820264060440784
	1	0.9998416496271963	0	1.5835037280358577E-4
	1	4.783533448196263E-5	0	0.9999521646655181
	1	0.08013051732329218	0	0.9198694826767079
	1	0.9993196544565752	0	6.803455434248454E-4
	1	0.9987891777912932	0	0.0012108222087068047
	1	0.004272526933073163	0	0.9957274730669269
	1	2.0931253313684358E-4	0	0.9997906874668631
	1	0.005441898625062483	0	0.9945581013749375
	1	0.0730493237109591	0	0.9269506762890408
	1	0.0020407689048239515	0	0.997959231095176
	1	0.9960911722491533	0	0.003908827750846677
	1	0.9985132172954849	0	0.0014867827045151837
	1	0.9957969127667108	0	0.004203087233289291
	1	9.363363370877908E-4	0	0.9990636636629123
	1	0.007940891631214584	0	0.9920591083687853
	1	0.7175984722868428	0	0.28240152771315724
	1	6.287456246860103E-4	0	0.999371254375314
	1	2.3484719830223859E-4	0	0.9997651528016979
	1	0.001073371588828916	0	0.998926628411171
	1	0.0016329012007713325	0	0.9983670987992287
	1	2.0087497777234698E-4	0	0.9997991250222278
	1	3.7998699923316653E-6	0	0.9999962001300078
	1	3.7100413540404635E-4	0	0.9996289958645959
	1	0.002900489867430209	0	0.9970995101325697
	1	3.87185788677279E-4	0	0.9996128142113226
	1	0.001015678286627694	0	0.9989843217133724
	1	0.0010651656372312084	0	0.9989348343627688
	1	3.054013414941019E-4	0	0.9996945986585059
	1	0.014837981972434935	0	0.9851620180275651
	1	0.9953353775595383	0	0.004664622440461842
	1	0.018105014989157946	0	0.981894985010842
	1	0.0012135741862952319	0	0.9987864258137048
	1	8.633567327149466E-5	0	0.9999136643267285
	1	0.9968650079444153	0	0.0031349920555845427
	1	0.9787895674081596	0	0.021210432591840463
	1	0.998067823610319	0	0.001932176389681063
	1	0.3541112834333806	0	0.6458887165666195
	1	0.9964926847145503	0	0.0035073152854497324
	1	0.0035994786113539654	0	0.996400521388646
	1	0.0013980769484419127	0	0.998601923051558
	1	0.0023436501752508725	0	0.9976563498247493
	1	2.730997490677641E-5	0	0.9999726900250933
	1	0.9983874895588043	0	0.0016125104411957364
	1	0.6403932814528172	0	0.35960671854718285
	1	0.9969808180757214	0	0.003019181924278622
	1	0.9962166845360546	0	0.0037833154639453997
	1	0.03602010352869941	0	0.9639798964713006
	1	6.745625301958693E-4	0	0.9993254374698042
	1	0.9977309112854482	0	0.002269088714551656
	1	9.090583257097583E-4	0	0.9990909416742904
	1	0.009682717524868729	0	0.9903172824751312
	1	0.01016883196299449	0	0.9898311680370054
	1	4.0849257394116683E-4	0	0.999591507426059
	1	0.997638193855055	0	0.002361806144945034
	1	0.02136728553720867	0	0.9786327144627913
	1	0.0010516969174814018	0	0.9989483030825187
	1	3.0393152726021304E-4	0	0.9996960684727398
	1	1.7388950061579056E-4	0	0.9998261104993842
	1	7.638027255649029E-4	0	0.999236197274435
	1	0.011095670500142112	0	0.9889043294998578
	1	0.9995187992537399	0	4.812007462600458E-4
	1	0.005067917500169405	0	0.9949320824998307
	1	5.8391858547535044E-5	0	0.9999416081414525
	1	6.928852222044346E-5	0	0.9999307114777795
	1	9.35055405564773E-4	0	0.9990649445944352
	1	0.9652556067410047	0	0.034744393258995296
	1	0.9986233044082081	0	0.0013766955917917816
	1	0.9979747778869702	0	0.002025222113029704
	1	0.006360983972595719	0	0.9936390160274043
	1	4.020484300055428E-4	0	0.9995979515699945
	1	0.9992476890047708	0	7.523109952292959E-4
	1	0.009291904901355345	0	0.9907080950986445
	1	5.3333056660555944E-6	0	0.9999946666943339
	1	0.00293475575059589	0	0.997065244249404
	1	0.021754830439577193	0	0.9782451695604228
	1	0.9981346536763541	0	0.0018653463236458642
	1	0.2195777947432485	0	0.7804222052567515
	1	0.01271467670632727	0	0.9872853232936727
	1	0.9974718693793407	0	0.00252813062065926
	1	0.9707714218221579	0	0.02922857817784205
	1	7.207051574833695E-4	0	0.9992792948425167
	1	3.6890606560724E-4	0	0.9996310939343929
	1	6.691349759165388E-4	0	0.9993308650240835
	1	1.059737401735591E-4	0	0.9998940262598264
	1	5.138003604094913E-5	0	0.9999486199639591
	1	0.0011291195690424874	0	0.9988708804309575
	1	0.9606598495623757	0	0.03934015043762435
	1	0.9710697061674176	0	0.028930293832582436
	1	0.9967725199965992	0	0.003227480003400881
	1	2.452671534338147E-4	0	0.9997547328465662
	1	0.9987945152326065	0	0.0012054847673935267
	1	5.218286255637009E-4	0	0.9994781713744364
	1	0.011027328498254408	0	0.9889726715017457
	1	9.879835242067825E-5	0	0.9999012016475792
	1	5.4896554942146114E-5	0	0.9999451034450579
	1	0.0010984660324478875	0	0.9989015339675521
	1	3.196982557805874E-4	0	0.9996803017442194
	1	0.9968883921879675	0	0.0031116078120323916
	1	0.021838242978371808	0	0.9781617570216282
	1	2.968037148952288E-5	0	0.9999703196285106
	1	0.9945057780074048	0	0.0054942219925952435
	1	9.867418145999633E-5	0	0.9999013258185401
	1	0.006386586669903261	0	0.9936134133300967
	1	0.19295844039448382	0	0.8070415596055162
	1	0.9856716374479759	0	0.014328362552024139
	1	0.005790358651944109	0	0.994209641348056
	1	0.001168691629171117	0	0.9988313083708289
	1	1.5571802524781111E-4	0	0.9998442819747522
	1	0.9982197817044667	0	0.001780218295533233
	1	0.9964552796921122	0	0.0035447203078878163
	1	0.935446682829039	0	0.06455331717096095
	1	7.439458661928316E-5	0	0.9999256054133807
	1	6.966846396204925E-4	0	0.9993033153603795
	1	0.9947113016827087	0	0.005288698317291286
	1	2.0194838218583316E-4	0	0.9997980516178141
	1	0.17484539279960223	0	0.8251546072003978
	1	0.014495004960936014	0	0.985504995039064
	1	0.12155641277423512	0	0.8784435872257648
	1	0.0018570910964895557	0	0.9981429089035103
	1	0.9992794916915366	0	7.205083084633636E-4
	1	0.8152713553979608	0	0.18472864460203914
	1	0.8997027274789522	0	0.10029727252104782
	1	1.5620858787710617E-4	0	0.999843791412123
	1	1.0707210899675103E-4	0	0.9998929278910034
	1	5.437928631457524E-4	0	0.9994562071368543
	1	0.99810051329724	0	0.0018994867027599656
	1	0.02661833742941522	0	0.9733816625705847
	1	0.9932039164073182	0	0.006796083592681646
	1	0.005664317985950251	0	0.9943356820140498
	1	0.002161855286301994	0	0.997838144713698
	1	0.02737290721817633	0	0.9726270927818237
	1	7.8160932508471E-4	0	0.9992183906749154
	1	1.839123030359731E-4	0	0.9998160876969641
	1	0.9270000491007631	0	0.07299995089923694
	1	0.9994118901909511	0	5.881098090489164E-4
	1	1.9280218113568333E-4	0	0.9998071978188643
	1	0.9989244730930205	0	0.0010755269069796301
	1	0.03408767423771291	0	0.965912325762287
	1	4.5035949901667743E-4	0	0.9995496405009833
	1	0.9983793268563944	0	0.0016206731436055868
	1	4.056513619597571E-4	0	0.9995943486380402
	1	5.118674906374745E-4	0	0.9994881325093626
	1	0.9973547453152521	0	0.002645254684747998
	1	2.3909719819390357E-5	0	0.9999760902801805
	1	1.0392461433591837E-5	0	0.9999896075385665
	1	0.658390161489131	0	0.3416098385108689
	1	0.98784729925843	0	0.012152700741570063
	1	0.9968048852798884	0	0.003195114720111502
	1	5.6050088417520105E-5	0	0.9999439499115824
	1	0.008909787379599486	0	0.9910902126204006
	1	0.006595393442889972	0	0.9934046065571099
	1	7.274338944225652E-5	0	0.9999272566105578
	1	0.9985078255031179	0	0.0014921744968819971
	1	0.9240833629433469	0	0.07591663705665308
	1	0.9833613692750294	0	0.016638630724970647
	1	5.597214979877994E-4	0	0.9994402785020121
	1	5.747946673507098E-4	0	0.9994252053326492
	1	0.48062164794773565	0	0.5193783520522643
	1	0.003999532450391801	0	0.9960004675496081
	1	0.00924439430622895	0	0.990755605693771
	1	9.056868676045295E-4	0	0.9990943131323955
	1	0.9845432672383919	0	0.015456732761608067
	1	4.7549804471069503E-4	0	0.9995245019552893
	1	0.9156639700798728	0	0.0843360299201272
	1	0.9997860911141386	0	2.1390888586131978E-4
	1	0.012156675669226777	0	0.9878433243307733
	1	0.001069321244834939	0	0.998930678755165
	1	0.8951445891057709	0	0.1048554108942292
	1	0.9975654741869125	0	0.0024345258130875286
	1	0.9920943090056795	0	0.007905690994320523
	1	0.9990709593899636	0	9.290406100362448E-4
	1	2.8475666832329985E-4	0	0.9997152433316766
	1	2.504898562907198E-4	0	0.9997495101437092
	1	8.893289680281726E-4	0	0.9991106710319719
	1	0.9981312687508352	0	0.0018687312491648114
	1	0.19937339828469255	0	0.8006266017153073
	1	0.039764309879832496	0	0.9602356901201675
	1	1.7853146464857838E-4	0	0.9998214685353515
	1	0.003607336012713878	0	0.9963926639872861
	1	1.6670412554149064E-4	0	0.9998332958744585
	1	9.274647274024099E-5	0	0.9999072535272597
	1	0.9955331388467051	0	0.004466861153294802
	1	0.9971986824163598	0	0.0028013175836402665
	1	0.9966294170826059	0	0.0033705829173940782
	1	0.9984791728924309	0	0.001520827107569029
	1	0.9492398147125499	0	0.050760185287450056
	1	0.9984747712233668	0	0.001525228776633068
	1	0.0019819177742760393	0	0.998018082225724
	1	9.220664377062609E-4	0	0.9990779335622937
	1	0.9982570051819927	0	0.0017429948180072811
	1	0.9984735481595685	0	0.0015264518404315803
	1	0.9970518791963151	0	0.002948120803684966
	1	0.9975613245279266	0	0.0024386754720733795
	1	3.584846477344778E-5	0	0.9999641515352266
	1	0.9776412257122331	0	0.022358774287766885
	1	0.9954285519928185	0	0.00457144800718138
	1	0.9875843668527298	0	0.01241563314727014
	1	9.340857133694566E-4	0	0.9990659142866305
	1	0.006728241515330502	0	0.9932717584846694
	1	0.9968301632567462	0	0.0031698367432538084
	1	8.094938881710903E-4	0	0.9991905061118289
	1	0.007958786554556832	0	0.9920412134454432
	1	0.9987307953020969	0	0.001269204697903183
	1	0.9983224387176217	0	0.0016775612823783969
	1	0.9944335482364224	0	0.005566451763577716
	1	1.1744566182708158E-4	0	0.999882554338173
	1	0.9783076029569655	0	0.02169239704303452
	1	0.998940726435854	0	0.0010592735641460139
	1	0.9544829990062966	0	0.04551700099370342
	1	0.011382559207745818	0	0.9886174407922541
	1	0.007889848374523202	0	0.9921101516254769
	1	0.07088300803031236	0	0.9291169919696876
	1	0.9985085081427731	0	0.0014914918572268118
	1	0.0010248815664121152	0	0.9989751184335878
	1	0.035813271145563964	0	0.964186728854436
	1	0.007173699342129246	0	0.9928263006578708
	1	0.9983351076413552	0	0.0016648923586446744
	1	8.139376796410002E-4	0	0.999186062320359
	1	0.032172033442098194	0	0.9678279665579018
	1	0.9675607537161642	0	0.03243924628383575
	1	0.9953271937308179	0	0.004672806269182035
	1	0.002718784376340875	0	0.9972812156236592
	1	0.0010320679084243898	0	0.9989679320915757
	1	0.001884046717820937	0	0.998115953282179
	1	2.0927233525304715E-4	0	0.9997907276647469
	1	0.9690212074505155	0	0.03097879254948456
	1	1.808920946530544E-4	0	0.999819107905347
	1	1.875456614456839E-4	0	0.9998124543385543
	1	0.993404160468369	0	0.006595839531631027
	1	3.4293749441356556E-4	0	0.9996570625055864
	1	0.002290475073235626	0	0.9977095249267642
	1	0.0016110207425098508	0	0.99838897925749
	1	6.679380272121645E-4	0	0.9993320619727878
	1	0.011995795242116216	0	0.9880042047578838
	1	0.0010114140424474583	0	0.9989885859575526
	1	0.00961588929427349	0	0.9903841107057265
	1	5.405143534595985E-4	0	0.9994594856465404
	1	6.32679066541141E-5	0	0.999936732093346
	1	0.01023909468929771	0	0.9897609053107024
	1	5.9176450888167505E-5	0	0.9999408235491118
	1	0.006722951328769243	0	0.9932770486712308
	1	0.002362684171885378	0	0.9976373158281147
	1	2.147178570383165E-4	0	0.9997852821429616
	1	1.3973144676348675E-4	0	0.9998602685532366
	1	0.9993738111901929	0	6.261888098071615E-4
	1	1.4915758303849535E-4	0	0.9998508424169615
	1	7.545034653132991E-4	0	0.9992454965346866
	1	5.977585388405124E-5	0	0.9999402241461159
	1	0.998772853107965	0	0.0012271468920349888
	1	0.9990254742137149	0	9.745257862852218E-4
	1	1.5989728844407442E-4	0	0.999840102711556
	1	5.878402191069412E-4	0	0.9994121597808932
	1	6.876316190790975E-4	0	0.9993123683809209
	1	0.9916370892655855	0	0.008362910734414463
	1	0.9985312046667861	0	0.0014687953332138215
	1	0.0011203317399620606	0	0.998879668260038
	1	6.712513284090407E-4	0	0.9993287486715909
	1	0.969760630581037	0	0.030239369418963023
	1	0.9978761834052345	0	0.002123816594765534
	1	0.0010332160624732512	0	0.9989667839375267
	1	0.9985365147128563	0	0.0014634852871438287
	1	4.1634018731465064E-5	0	0.9999583659812686
	1	0.9981879733538243	0	0.0018120266461758019
	1	0.9367969391258616	0	0.06320306087413843
	1	0.013849263773235641	0	0.9861507362267643
	1	7.57702720743825E-4	0	0.9992422972792561
	1	7.59079700016371E-5	0	0.9999240920299984
	1	0.0017432179086558062	0	0.9982567820913442
	1	5.634582890042942E-4	0	0.9994365417109958
	1	0.0014505769738799017	0	0.9985494230261202
	1	3.2509454241664415E-4	0	0.9996749054575833
	1	2.9883986266222005E-4	0	0.9997011601373379
	1	0.0017950917136699462	0	0.9982049082863301
	1	0.010072878608282803	0	0.9899271213917172
	1	1.3132985865472882E-4	0	0.9998686701413453
	1	0.9979045755503129	0	0.002095424449687258
	1	0.9985349904212445	0	0.001465009578755404
	1	0.005189450509173839	0	0.9948105494908263
	1	0.9988672348739134	0	0.0011327651260866411
	1	7.987219942391372E-4	0	0.999201278005761
	1	7.303863392902604E-5	0	0.9999269613660711
	1	0.0062225837050967625	0	0.9937774162949032
	1	1.245111956938127E-4	0	0.9998754888043062
	1	8.537189836529385E-4	0	0.9991462810163471
	1	0.0352894440997391	0	0.9647105559002609
	1	1.9323329714115658E-4	0	0.9998067667028588
	1	0.9633799899423211	0	0.03662001005767886
	1	0.009109570606782386	0	0.9908904293932177
	1	0.9924870944487084	0	0.007512905551291526
	1	0.0015080383388352873	0	0.9984919616611648
	1	0.8958783263861587	0	0.10412167361384116
	1	0.9964316895835088	0	0.003568310416491166
	1	7.09473965026661E-4	0	0.9992905260349733
	1	0.006343758142990864	0	0.9936562418570092
	1	0.003700939094291773	0	0.9962990609057082
	1	0.008138224394191932	0	0.991861775605808
	1	0.9945435631695286	0	0.0054564368304714
	1	0.9960167089188708	0	0.003983291081129245
	1	0.003991207205079023	0	0.996008792794921
	1	0.9986045189399615	0	0.0013954810600384248
	1	5.103220950318039E-5	0	0.9999489677904969
	1	0.0011472014134427738	0	0.9988527985865572
	1	0.00781007383642078	0	0.9921899261635792
	1	0.994872988974066	0	0.00512701102593395
	1	0.999276192186541	0	7.238078134591015E-4
	1	0.018630355360529312	0	0.9813696446394707
	1	0.9986476472045506	0	0.0013523527954495062
	1	1.5844442169539395E-4	0	0.9998415555783046
	1	4.109059376396229E-4	0	0.9995890940623603
	1	0.9884727579714186	0	0.011527242028581356
	1	1.4906901381775416E-5	0	0.9999850930986182
	1	0.9978327454730951	0	0.002167254526904959
	1	0.43873554586664876	0	0.5612644541333514
	1	8.013711967349898E-5	0	0.9999198628803266
	1	0.9972386162014054	0	0.0027613837985945096
	1	4.132211170978928E-4	0	0.999586778882902
	1	0.9956211196966802	0	0.004378880303319784
	1	0.897463677017944	0	0.10253632298205588
	1	0.9996056722663142	0	3.9432773368567415E-4
	1	1.2552517085485986E-4	0	0.9998744748291452
	1	7.387909492011871E-4	0	0.9992612090507987
	1	0.9989071712351794	0	0.0010928287648205891
	1	9.133169257732193E-4	0	0.9990866830742267
	1	0.9985020489813301	0	0.0014979510186700093
	1	0.9985312718001661	0	0.0014687281998338338
	1	8.00667111388323E-5	0	0.9999199332888611
	1	0.0010817923785789998	0	0.998918207621421
	1	9.314158689679957E-6	0	0.9999906858413103
	1	0.0029108951795866565	0	0.9970891048204135
	1	0.2952602491774362	0	0.7047397508225637
	1	0.9908430369465305	0	0.009156963053469518
	1	0.02137875782139339	0	0.9786212421786066
	1	0.9987708608062752	0	0.0012291391937248662
	1	0.003538223632125514	0	0.9964617763678745
	1	0.011086063690982317	0	0.9889139363090177
	1	0.9959142337890983	0	0.004085766210901671
	1	1.2409261407223264E-4	0	0.9998759073859277
	1	0.9958181124243661	0	0.004181887575633858
	1	0.9985434588958918	0	0.0014565411041082372
	1	0.9977072842277326	0	0.0022927157722674087
	1	0.004437545507984852	0	0.9955624544920152
	1	0.008041066736044888	0	0.991958933263955
	1	7.082762889223476E-5	0	0.9999291723711078
	1	3.764186033376439E-4	0	0.9996235813966624
	1	0.004433939699647911	0	0.9955660603003521
	1	0.0012381534453301006	0	0.9987618465546698
	1	0.002867526137710325	0	0.9971324738622898
	1	0.9988091306676793	0	0.0011908693323207254
	1	0.9991458636232214	0	8.541363767786293E-4
	1	0.0010863040940618126	0	0.9989136959059383
	1	3.783396950460627E-4	0	0.999621660304954
	1	0.9984789541722785	0	0.0015210458277214835
	1	0.538963455402757	0	0.4610365445972429
	1	3.584435514087802E-4	0	0.9996415564485912
	1	6.712992009371663E-4	0	0.9993287007990628
	1	9.354108155320649E-4	0	0.9990645891844678
	1	0.9973365444085972	0	0.0026634555914028467
	1	0.0011723487471179406	0	0.9988276512528821
	1	0.00447905579441367	0	0.9955209442055863
	1	0.9891359546882812	0	0.010864045311718772
	1	0.001281675070256951	0	0.998718324929743
	1	9.451318749382941E-4	0	0.9990548681250617
	1	0.010801742625269952	0	0.98919825737473
	1	0.9983683231448247	0	0.0016316768551753627
	1	0.011428231562859256	0	0.9885717684371407
	1	6.751041127008518E-4	0	0.9993248958872991
	1	0.9990460126099726	0	9.539873900273911E-4
	1	0.9970418789266382	0	0.0029581210733616897
	1	2.273894387813553E-4	0	0.9997726105612187
	1	8.01589693849286E-5	0	0.999919841030615
	1	0.007365730593891579	0	0.9926342694061084
	1	0.06325484850908134	0	0.9367451514909187
	1	0.9986278114717833	0	0.0013721885282168029
	1	0.571926140851918	0	0.428073859148082
	1	0.005888538890072793	0	0.9941114611099272
	1	7.939062448678978E-4	0	0.9992060937551321
	1	0.9974078555048131	0	0.0025921444951868535
	1	3.736275207626847E-4	0	0.9996263724792372
	1	0.008691831523076201	0	0.9913081684769237
	1	0.799158196772174	0	0.2008418032278259
	1	0.9198540389837735	0	0.08014596101622647
	1	0.9992136207171441	0	7.863792828559064E-4
	1	2.1718479232089535E-4	0	0.999782815207679
	1	0.9638590046913801	0	0.03614099530861996
	1	1.1615735463817272E-4	0	0.9998838426453618
	1	0.9938510347712018	0	0.0061489652287980475
	1	0.0020179074395179912	0	0.9979820925604821
	1	0.9938481023796393	0	0.006151897620360654
	1	0.03442649982553322	0	0.9655735001744667
	1	1.338523682784574E-4	0	0.9998661476317215
	1	0.0036338689252934393	0	0.9963661310747065
	1	0.9987920064515659	0	0.001207993548434046
	1	0.9974087451215174	0	0.002591254878482619
	1	0.998966029121946	0	0.0010339708780541085
	1	3.820518934608924E-4	0	0.999617948106539
	1	1.0578416351806725E-4	0	0.9998942158364819
	1	0.001377123863734106	0	0.998622876136266
	1	1.2249994879098443E-4	0	0.999877500051209
	1	1.0473802041635628E-4	0	0.9998952619795837
	1	5.8064790670031914E-5	0	0.9999419352093301
	1	0.008134705613663699	0	0.9918652943863364
	1	6.308634986292031E-4	0	0.9993691365013708
	1	9.402010439413354E-5	0	0.9999059798956059
	1	1.7284763583278335E-4	0	0.9998271523641673
	1	2.1534516934825572E-4	0	0.9997846548306518
	1	5.561066148632686E-4	0	0.9994438933851367
	1	2.2686642983919782E-5	0	0.999977313357016
	1	0.9968955478357199	0	0.0031044521642800637
	1	0.06830208493657539	0	0.9316979150634246
	1	0.0054611371811640165	0	0.994538862818836
	1	0.0016110162355861656	0	0.9983889837644138
	1	0.5864967324596324	0	0.4135032675403675
	1	0.9600345588260678	0	0.03996544117393222
	1	0.0018237611942237629	0	0.9981762388057763
	1	5.6558889556472384E-5	0	0.9999434411104434
	1	7.629614099106425E-4	0	0.9992370385900893
	1	4.98543281539284E-4	0	0.9995014567184606
	1	0.9994471224185619	0	5.528775814379261E-4
	1	0.509981305458475	0	0.4900186945415251
	1	0.00535996898189452	0	0.9946400310181055
	1	0.997042853778804	0	0.002957146221196066
	1	0.9964680038466495	0	0.003531996153350657
	1	0.0017755571228720058	0	0.9982244428771281
	1	0.9981704742586467	0	0.0018295257413534283
	1	0.9878145945079272	0	0.012185405492072735
	1	0.0068725356025322835	0	0.9931274643974677
	1	5.90905318049581E-5	0	0.9999409094681951
	1	0.0026424539881248986	0	0.9973575460118751
	1	0.8128614325762172	0	0.18713856742378282
	1	1.265240120857298E-4	0	0.9998734759879143
	1	0.0016868447447945945	0	0.9983131552552054
	1	0.9991418103986845	0	8.581896013154743E-4
	1	0.0018362780451918331	0	0.9981637219548082
	1	0.9980118577161093	0	0.0019881422838907065
	1	0.9936179397527707	0	0.006382060247229365
	1	0.7991258023641675	0	0.2008741976358325
	1	0.9986953982748593	0	0.0013046017251406835
	1	0.9967038060059058	0	0.0032961939940941002
	1	2.5997351610444617E-4	0	0.9997400264838955
	1	0.005170393488091012	0	0.9948296065119089
	1	0.9985127073292821	0	0.0014872926707178314
	1	0.9949437975795206	0	0.005056202420479311
	1	0.00725404083684662	0	0.9927459591631534
	1	0.95625528244419	0	0.043744717555809984
	1	0.29792388964697925	0	0.7020761103530209
	1	0.006106847182521851	0	0.9938931528174781
	1	0.0018199285252328758	0	0.9981800714747672
	1	8.512278877364897E-4	0	0.9991487721122636
	1	0.9985208550078328	0	0.001479144992167166
	1	1.3330893737604276E-4	0	0.999866691062624
	1	0.9934536123597572	0	0.006546387640242926
	1	0.783605054433928	0	0.21639494556607192
	1	4.5563326040478166E-4	0	0.9995443667395952
	1	0.0021680311839137115	0	0.9978319688160863
	1	1.187456720179469E-4	0	0.999881254327982
	1	0.9975740499025989	0	0.0024259500974011024
	1	0.021041471722830243	0	0.9789585282771697
	1	0.9993598291339671	0	6.401708660329064E-4
	1	6.988854638206618E-5	0	0.999930111453618
	1	8.67870860580294E-4	0	0.9991321291394196
	1	0.07908800284814997	0	0.9209119971518501
	1	0.9974518859905893	0	0.002548114009410724
	1	0.001499690042726187	0	0.9985003099572738
	1	0.009367995636643598	0	0.9906320043633564
	1	0.9989324003251219	0	0.0010675996748781827
	1	0.9691895916407871	0	0.030810408359212903
	1	8.082064187583538E-4	0	0.9991917935812417
	1	1.0761697089161978E-4	0	0.9998923830291083
	1	0.0012122423462096325	0	0.9987877576537905
	1	0.9995734055347012	0	4.265944652987173E-4
	1	0.026107433360642432	0	0.9738925666393576
	1	1.3399535804354577E-4	0	0.9998660046419565
	1	0.99657561785344	0	0.003424382146560021
	1	8.30043276647422E-4	0	0.9991699567233525
	1	0.994647281789976	0	0.005352718210024089
	1	0.9766794881000318	0	0.023320511899968244
	1	0.9991706578299616	0	8.293421700382933E-4
	1	2.1357657473874107E-4	0	0.9997864234252613
	1	0.8418864132140661	0	0.15811358678593387
	1	0.9990928005653467	0	9.071994346533211E-4
	1	0.0017639363952681826	0	0.9982360636047318
	1	0.021570338196838925	0	0.978429661803161
	1	0.9996416426952649	0	3.5835730473522714E-4
	1	9.885046906622861E-4	0	0.9990114953093377
	1	0.005760767959760853	0	0.9942392320402391
	1	0.02316160315456027	0	0.9768383968454398
	1	0.014179237234385576	0	0.9858207627656144
	1	2.3359596337196246E-4	0	0.9997664040366281
	1	0.0013499731714620399	0	0.998650026828538
	1	0.007431592156843138	0	0.9925684078431569
	1	0.9974229520538966	0	0.0025770479461034316
	1	0.9984370763209309	0	0.0015629236790690518
	1	0.0014450987539315959	0	0.9985549012460685
	1	3.065428672901865E-5	0	0.999969345713271
	1	1.2810714264934605E-5	0	0.999987189285735
	1	4.1634099032593954E-4	0	0.999583659009674
	1	0.9574312396336219	0	0.042568760366378126
	1	0.0017764503774550485	0	0.9982235496225449
	1	1.9303520926237838E-4	0	0.9998069647907375
	1	8.221003999402369E-5	0	0.9999177899600059
	1	0.1669742905039161	0	0.8330257094960839
	1	1.7311649031509754E-4	0	0.999826883509685
	1	1.1819829970241185E-4	0	0.9998818017002977
	1	7.724505136387624E-4	0	0.9992275494863612
	1	1.8068017913755138E-4	0	0.9998193198208625
	1	8.164959894114218E-5	0	0.9999183504010588
	1	0.9908582212542179	0	0.00914177874578213
	1	0.9983429234214213	0	0.0016570765785787023
	1	0.528542764582542	0	0.47145723541745804
	1	0.007497514189918457	0	0.9925024858100815
	1	4.522825499569714E-4	0	0.9995477174500429
	1	0.9984341531088977	0	0.0015658468911023975
	1	0.998356792997429	0	0.0016432070025711183
	1	4.242513085179879E-4	0	0.999575748691482
	1	5.709891383933222E-4	0	0.9994290108616066
	1	0.9984103247471336	0	0.0015896752528663032
	1	1.1703765061206838E-4	0	0.999882962349388
	1	7.063699591543641E-4	0	0.9992936300408456
	1	8.267728661640136E-4	0	0.999173227133836
	1	0.0063085716436322515	0	0.9936914283563678
	1	0.004033244614023133	0	0.9959667553859768
	1	0.9990470727051517	0	9.529272948483446E-4
	1	7.195962168198409E-4	0	0.9992804037831801
	1	0.19559130609805217	0	0.8044086939019478
	1	6.274673187551152E-4	0	0.9993725326812448
	1	0.0073981283204507375	0	0.9926018716795493
	1	0.00507298244574934	0	0.9949270175542506
	1	2.8757513043913875E-4	0	0.9997124248695609
	1	3.7307065930916475E-4	0	0.9996269293406908
	1	0.048083617177602206	0	0.9519163828223978
	1	0.028838623571158323	0	0.9711613764288418
	1	0.020725784942367716	0	0.9792742150576323
	1	0.9989726875742219	0	0.0010273124257781823
	1	9.31574538654721E-4	0	0.9990684254613452
	1	0.998340534749215	0	0.0016594652507850936
	1	7.472983368870967E-5	0	0.9999252701663113
	1	0.9990486913924008	0	9.513086075991868E-4
	1	0.008964676934228429	0	0.9910353230657715
	1	1.8031933160388486E-4	0	0.9998196806683961
	1	0.9991500015884872	0	8.499984115128154E-4
	1	0.9976395082629884	0	0.0023604917370115947
	1	3.865028761754299E-4	0	0.9996134971238245
	1	0.9982771017381875	0	0.0017228982618124646
	1	0.3732292055115259	0	0.6267707944884742
	1	0.998976457039089	0	0.0010235429609111273
	1	0.005671789981558094	0	0.9943282100184418
	1	8.842964128023503E-4	0	0.9991157035871977
	1	0.003552487133309973	0	0.99644751286669
	1	0.020842588185548686	0	0.9791574118144513
	1	0.007441517984916558	0	0.9925584820150833
	1	2.4677248205533036E-4	0	0.9997532275179446
	1	0.0011598937432102973	0	0.9988401062567898
	1	0.9991221605435351	0	8.778394564649568E-4
	1	0.9980650345439849	0	0.0019349654560151834
	1	0.9988037521381977	0	0.0011962478618021866
	1	0.9990449749167156	0	9.55025083284277E-4
	1	0.9966278656676271	0	0.0033721343323730103
	1	0.9996354526366873	0	3.645473633126184E-4
	1	0.002672753040251254	0	0.9973272469597487
	1	4.2051023682148665E-4	0	0.9995794897631785
	1	0.006554618576291529	0	0.9934453814237084
	1	0.023403283525731674	0	0.9765967164742684
	1	0.970930110795604	0	0.029069889204396026
	1	0.9978118063779349	0	0.0021881936220651795
	1	0.9919804022170002	0	0.00801959778299984
	1	0.9993143995238426	0	6.856004761573627E-4
	1	0.007752236063870099	0	0.9922477639361299
	1	0.6866267317799861	0	0.31337326822001377
	1	6.02363954458582E-4	0	0.9993976360455413
	1	0.9983804766242118	0	0.0016195233757882975
	1	0.05610623468461433	0	0.9438937653153857
	1	0.6971169257094431	0	0.30288307429055694
	1	0.0013872767318375812	0	0.9986127232681623
	1	0.03602010352869941	0	0.9639798964713006
	1	0.015822449711923564	0	0.9841775502880763
	1	0.12010859052102663	0	0.8798914094789734
	1	0.9989354685622702	0	0.0010645314377297486
	1	0.9678883642961482	0	0.032111635703851775
	1	0.0018516840011022935	0	0.9981483159988978
	1	0.9995187992537399	0	4.812007462600458E-4
	1	0.9995809317431238	0	4.1906825687617423E-4
	1	4.208222636592921E-4	0	0.9995791777363406
	1	0.9986739560368698	0	0.0013260439631302338
	1	0.882300834396715	0	0.1176991656032849
	1	0.0021651207536761744	0	0.9978348792463237
	1	8.00667111388323E-5	0	0.9999199332888611
	1	0.0010817923785789998	0	0.998918207621421
	1	9.314158689679957E-6	0	0.9999906858413103
	1	0.9991474100369865	0	8.525899630134943E-4
	1	0.001654434233107266	0	0.9983455657668927
	1	0.9993844835527022	0	6.155164472979448E-4
	1	3.698562326213771E-4	0	0.9996301437673787
	1	0.9990626143308072	0	9.373856691928031E-4
	1	0.026982262546584444	0	0.9730177374534157
	1	0.003473407342484661	0	0.9965265926575153
	1	9.436686056248435E-5	0	0.9999056331394375
	1	0.016139441796140425	0	0.9838605582038596
	1	5.583563608394959E-5	0	0.9999441643639161
	1	6.42624016054558E-4	0	0.9993573759839455
	1	0.9989020288296685	0	0.0010979711703314177
	1	2.8246848064760464E-4	0	0.9997175315193524
	1	0.004388497552475549	0	0.9956115024475245
	1	0.9989780018363376	0	0.0010219981636624166
	1	0.0010728253161340765	0	0.9989271746838659
	1	3.214440760269089E-5	0	0.9999678555923972
	1	0.003931981347003563	0	0.9960680186529965
	1	0.9413574032622608	0	0.05864259673773915
	1	0.9244018914911568	0	0.07559810850884326
	1	0.009535002402241491	0	0.9904649975977586
	1	2.7488201511710175E-4	0	0.9997251179848828
	1	0.9988016445865611	0	0.0011983554134390407
	1	0.015977593236942884	0	0.9840224067630572
	1	0.01174066515648354	0	0.9882593348435164
	1	0.0011948613464513183	0	0.9988051386535487
	1	0.9980564016816561	0	0.0019435983183437979
	1	4.983751608766689E-4	0	0.9995016248391234
	1	0.9970768812632632	0	0.0029231187367367525
	1	1.1857567604161347E-4	0	0.9998814243239584
	1	8.817739680247795E-5	0	0.9999118226031976
	1	0.9983568584421194	0	0.0016431415578806305
	1	1.536394888363579E-4	0	0.9998463605111637
	1	0.02572550697076345	0	0.9742744930292364
	1	0.9973017776637748	0	0.00269822233622518
	1	5.891239188226577E-4	0	0.9994108760811773
	1	1.0156271259842456E-4	0	0.9998984372874017
	1	8.557234834605902E-5	0	0.999914427651654
	1	0.9991674580965075	0	8.325419034925274E-4
	1	0.9990744511462508	0	9.255488537491518E-4
	1	0.0010990397162346703	0	0.9989009602837653
	1	0.005599800162681913	0	0.994400199837318
	1	0.012681604790256021	0	0.9873183952097438
	1	0.0011822935035784815	0	0.9988177064964214
	1	0.8139083030016846	0	0.18609169699831543
	1	0.9933065376579242	0	0.006693462342075859
	1	0.0022045940645243674	0	0.9977954059354756
	1	0.01963199085792276	0	0.9803680091420772
	1	4.489300256235414E-4	0	0.9995510699743764
	1	0.9973141265340038	0	0.002685873465996231
	1	0.009742835628656077	0	0.9902571643713439
	1	1.4481769362983065E-4	0	0.9998551823063702
	1	0.00833975453490689	0	0.9916602454650931
