	0	0.9997206355310724	1	2.793644689276787E-4
	0	0.9986554410279844	1	0.001344558972015682
	0	0.006961368664068229	1	0.9930386313359317
	0	0.9995034628260467	1	4.965371739531963E-4
	0	0.01348359246420518	1	0.9865164075357947
	0	6.929955833848878E-5	1	0.9999307004416614
	0	0.9816409672271433	1	0.01835903277285675
	0	0.013708646315379294	1	0.9862913536846206
	0	0.041776696569247665	1	0.9582233034307525
	0	0.9999181052809594	1	8.18947190405605E-5
	0	0.9998350647927263	1	1.6493520727368048E-4
	0	4.6944153859131095E-4	1	0.9995305584614087
	0	0.9987243598861328	1	0.0012756401138672145
	0	0.024427737068565377	1	0.9755722629314345
	0	0.03414235801057978	1	0.9658576419894203
	0	0.30944708755992695	1	0.6905529124400731
	0	0.6489660855111312	1	0.3510339144888687
	0	0.9995290041595322	1	4.709958404679118E-4
	0	0.8248877764172083	1	0.17511222358279158
	0	7.571800543532583E-4	1	0.9992428199456467
	0	0.0025662403849957115	1	0.9974337596150044
	0	0.02127778479473927	1	0.9787222152052607
	0	2.884174778061962E-4	1	0.9997115825221937
	0	0.9856582338203725	1	0.014341766179627537
	0	0.9991292426831814	1	8.707573168186205E-4
	0	0.08021663769222528	1	0.9197833623077746
	0	0.9993880764157044	1	6.119235842955155E-4
	0	0.9966810856757428	1	0.003318914324257309
	0	0.8399929634973021	1	0.16000703650269799
	0	0.9102168875844485	1	0.08978311241555141
	0	0.9577267882541765	1	0.04227321174582353
	0	0.9651259995377175	1	0.03487400046228262
	0	0.3309491999763525	1	0.6690508000236475
	0	0.9976324563437861	1	0.0023675436562140065
	0	0.993269807572125	1	0.00673019242787491
	0	0.9927971824014947	1	0.007202817598505314
	0	0.5611350358018156	1	0.4388649641981845
	0	0.999234572932673	1	7.65427067326886E-4
	0	0.9539135490286028	1	0.046086450971397186
	0	0.12486675705230235	1	0.8751332429476977
	0	6.028775561730165E-4	1	0.9993971224438271
	0	0.9950857317909558	1	0.0049142682090442345
	0	0.21814285881452053	1	0.7818571411854794
	0	0.9945652928345871	1	0.005434707165412926
	0	0.9998126967488271	1	1.873032511728827E-4
	0	0.008679595203650034	1	0.9913204047963501
	0	0.03685896220950049	1	0.9631410377904995
	0	0.8032552834440136	1	0.1967447165559863
	0	0.44199890257702323	1	0.5580010974229767
	0	0.0018602724855752708	1	0.9981397275144248
	0	0.5522174041167569	1	0.44778259588324304
	0	0.9869920442992934	1	0.013007955700706628
	0	0.9997867558818516	1	2.1324411814837603E-4
	0	0.9567422289574169	1	0.04325777104258323
	0	0.005936189153324877	1	0.9940638108466751
	0	0.9541554951764075	1	0.0458445048235924
	0	0.9958408546029378	1	0.004159145397062299
	0	0.9997630247802958	1	2.369752197042614E-4
	0	0.03266742156737246	1	0.9673325784326275
	0	0.9983500869743672	1	0.0016499130256327132
	0	0.17911403431123046	1	0.8208859656887695
	0	0.18179472253971254	1	0.8182052774602875
	0	0.22398585940436438	1	0.7760141405956356
	0	0.9966597085130358	1	0.003340291486964257
	0	0.14352758218298955	1	0.8564724178170104
	0	1.2301876675017428E-4	1	0.9998769812332498
	0	5.623839091286636E-6	1	0.9999943761609086
	0	0.9967550774340193	1	0.003244922565980728
	0	0.9997679387381131	1	2.3206126188681853E-4
	0	0.9999418132714787	1	5.8186728521347796E-5
	0	0.002392800766464776	1	0.9976071992335351
	0	0.9953786058201153	1	0.004621394179884744
	0	0.9999058744710002	1	9.412552899963E-5
	0	0.9857753698294988	1	0.014224630170501348
	0	0.8233981485823734	1	0.17660185141762663
	0	0.8497686856781559	1	0.1502313143218441
	0	0.9652061743679669	1	0.03479382563203304
	0	0.018283429511753567	1	0.9817165704882465
	0	0.9995112649023876	1	4.887350976123437E-4
	0	0.9102398799943731	1	0.089760120005627
	0	0.9838537837375019	1	0.016146216262498146
	0	0.581139736043333	1	0.418860263956667
	0	0.9013524984337821	1	0.09864750156621788
	0	0.8787778544097955	1	0.1212221455902045
	0	0.0252862807973596	1	0.9747137192026404
	0	0.01634343492580205	1	0.9836565650741979
	0	0.9992962823145606	1	7.03717685439376E-4
	0	0.9159797535342787	1	0.08402024646572119
	0	0.9983970480351597	1	0.001602951964840344
	0	0.9999755714114441	1	2.4428588555804896E-5
	0	0.054169868372446014	1	0.945830131627554
	0	0.9958811626521923	1	0.004118837347807653
	0	0.9489152576385466	1	0.051084742361453495
	0	0.9878619177708451	1	0.012138082229154915
	0	0.9992155149857715	1	7.844850142283017E-4
	0	0.9818408223575362	1	0.018159177642463657
	0	0.03283411469748102	1	0.967165885302519
	0	0.9996864202344885	1	3.1357976551152827E-4
	0	0.0041130151158512325	1	0.9958869848841487
	0	0.041261131738072485	1	0.9587388682619274
	0	0.9988200029641456	1	0.0011799970358542888
	0	0.9980684611272106	1	0.0019315388727892632
	0	0.48604505216919724	1	0.5139549478308028
	0	0.9988842208554658	1	0.0011157791445340819
	0	0.0342756286381076	1	0.9657243713618924
	0	0.9975609762349432	1	0.002439023765056813
	0	0.008205950421007484	1	0.9917940495789925
	0	0.17511319528556213	1	0.8248868047144378
	0	0.9999643985879623	1	3.560141203782532E-5
	0	0.824224573676352	1	0.17577542632364795
	0	0.9999505413868215	1	4.9458613178414815E-5
	0	0.9999624483510254	1	3.755164897452071E-5
	0	0.995529788682777	1	0.00447021131722293
	0	7.353633935596578E-4	1	0.9992646366064404
	0	0.9969900249538506	1	0.0030099750461494257
	0	0.9976012325721276	1	0.0023987674278724133
	0	0.9986934440895473	1	0.0013065559104526328
	0	0.03833825891708439	1	0.9616617410829157
	0	0.02247114653248733	1	0.9775288534675127
	0	0.9936611062192311	1	0.0063388937807689425
	0	0.9999613947011305	1	3.8605298869377E-5
	0	0.9995253519476337	1	4.7464805236637094E-4
	0	0.853166019277325	1	0.14683398072267495
	0	0.9951105429805265	1	0.004889457019473602
	0	0.9992379611061349	1	7.620388938651822E-4
	0	0.9997894305271177	1	2.1056947288234068E-4
	0	0.01827570147618968	1	0.9817242985238104
	0	0.9980894448163541	1	0.0019105551836459695
	0	0.907446107902186	1	0.09255389209781392
	0	0.9944530636371878	1	0.00554693636281215
	0	0.012788653954792452	1	0.9872113460452077
	0	0.9995359932572596	1	4.640067427404479E-4
	0	0.9965526559472294	1	0.0034473440527705607
	0	0.9991932456456765	1	8.067543543236515E-4
	0	0.9952981209158186	1	0.004701879084181414
	0	0.9924811958147046	1	0.007518804185295341
	0	0.9997940625305537	1	2.059374694464235E-4
	0	0.9969045323827994	1	0.003095467617200558
	0	0.9398317032963871	1	0.06016829670361305
	0	0.9998814237229645	1	1.1857627703553859E-4
	0	0.9529181930553853	1	0.047081806944614606
	0	2.578754176865373E-4	1	0.9997421245823134
	0	0.9848063696764908	1	0.015193630323509132
	0	0.012805829752446374	1	0.9871941702475536
	0	0.40310658944050864	1	0.5968934105594914
	0	0.9998682860697983	1	1.3171393020179774E-4
	0	0.2043851347176439	1	0.7956148652823561
	0	2.2719045902352841E-4	1	0.9997728095409765
	0	0.004340432315848691	1	0.9956595676841513
	0	0.9928410211610119	1	0.007158978838988171
	0	0.9990094554833059	1	9.90544516694071E-4
	0	0.011809689621115478	1	0.9881903103788845
	0	0.9595983302590296	1	0.04040166974097034
	0	0.08727170855548218	1	0.9127282914445177
	0	0.9842454805709602	1	0.015754519429039958
	0	0.9996801784648724	1	3.198215351275081E-4
	0	0.9998148669770582	1	1.851330229417545E-4
	0	0.9999714746913482	1	2.8525308651827646E-5
	0	0.9998324079067465	1	1.675920932534776E-4
	0	0.9999714746913482	1	2.8525308651827646E-5
	0	0.9995368877954924	1	4.6311220450752594E-4
	0	0.9999436203630875	1	5.637963691245451E-5
	0	0.9999409191639903	1	5.9080836009671846E-5
	0	0.9796681911712933	1	0.020331808828706728
	0	0.027852810594556916	1	0.9721471894054431
	0	0.01606427604692887	1	0.983935723953071
	0	0.8138553246820158	1	0.18614467531798426
	0	0.998675072757887	1	0.0013249272421129296
	0	0.9842264610794773	1	0.01577353892052281
	0	0.9991934270286497	1	8.065729713502206E-4
	0	0.9957738275005285	1	0.004226172499471629
	0	0.9176174124060744	1	0.0823825875939257
	0	0.9992017017784234	1	7.982982215766431E-4
	0	0.02988391939946552	1	0.9701160806005346
	0	0.023232145026508378	1	0.9767678549734916
	0	0.9882857861171395	1	0.011714213882860612
	0	3.085627481150192E-4	1	0.999691437251885
	0	0.9996157511648754	1	3.8424883512447257E-4
	0	0.9986335361826041	1	0.0013664638173960045
	0	0.849063921211653	1	0.15093607878834697
	0	4.403746293237141E-5	1	0.9999559625370675
	0	0.07213614770440567	1	0.9278638522955943
	0	0.0016984857728218306	1	0.9983015142271782
	0	0.998362324806383	1	0.0016376751936170632
	0	0.950273789802964	1	0.04972621019703607
	0	0.9996890215162542	1	3.109784837458802E-4
	0	4.207102725550621E-4	1	0.9995792897274448
	0	0.9996337951478681	1	3.662048521318422E-4
	0	0.7560156897432364	1	0.24398431025676365
	0	0.8609696117737632	1	0.1390303882262368
	0	0.9992152608550067	1	7.847391449933718E-4
	0	2.592275285936303E-4	1	0.9997407724714064
	0	0.9985718378001359	1	0.0014281621998642221
	0	0.010377119718493776	1	0.9896228802815062
	0	0.9996581183416651	1	3.418816583348095E-4
	0	0.4250875330893892	1	0.5749124669106107
	0	0.9995341682245364	1	4.658317754634402E-4
	0	0.9365276230440548	1	0.0634723769559451
	0	0.9957877593452635	1	0.004212240654736474
	0	5.006755938688141E-4	1	0.9994993244061312
	0	0.01365169165620941	1	0.9863483083437906
	0	0.9993496162927185	1	6.50383707281686E-4
	0	0.11682128957783994	1	0.8831787104221601
	0	0.0053207878975147765	1	0.9946792121024851
	0	1.0662869673870896E-4	1	0.9998933713032613
	0	0.009310899586205753	1	0.9906891004137942
	0	0.9998361663392636	1	1.6383366073632983E-4
	0	0.002951306356748471	1	0.9970486936432514
	0	0.9937763212075948	1	0.006223678792405131
	0	0.9999402898753635	1	5.9710124636537876E-5
	0	0.9539402258195264	1	0.04605977418047367
	0	0.36543078680290786	1	0.6345692131970921
	0	0.14746591166030512	1	0.8525340883396948
	0	0.9869736236299368	1	0.013026376370063163
	0	0.9856289473155576	1	0.01437105268444238
	0	0.856057729852049	1	0.1439422701479511
	0	0.25510699870063774	1	0.7448930012993622
	0	0.985880724510331	1	0.014119275489668957
	0	0.9998234009477301	1	1.7659905226982285E-4
	0	0.9993366540579313	1	6.63345942068802E-4
	0	0.6050369895263492	1	0.3949630104736508
	0	0.9999385346618918	1	6.146533810819744E-5
	0	0.9997753231118922	1	2.2467688810785268E-4
	0	0.8697010522681693	1	0.1302989477318307
	0	0.9893647936966352	1	0.010635206303364845
	0	0.8512385217557167	1	0.14876147824428326
	0	0.6050369895263492	1	0.3949630104736508
	0	0.08533750993190657	1	0.9146624900680934
	0	0.942225168214057	1	0.057774831785943
	0	0.04650972443136662	1	0.9534902755686334
	0	0.5334540051655912	1	0.46654599483440884
	0	0.43465554584484983	1	0.5653444541551502
	0	0.9999122725237471	1	8.772747625288526E-5
	0	0.99990527443563	1	9.472556436990479E-5
	0	0.9997707858158792	1	2.2921418412093152E-4
	0	0.0252862807973596	1	0.9747137192026404
	0	0.9980666625110505	1	0.0019333374889494658
	0	0.9948407946435601	1	0.005159205356439976
	0	0.9997050940751202	1	2.949059248798991E-4
	0	0.008667935396940479	1	0.9913320646030596
	0	0.9971214210158684	1	0.002878578984131541
	0	0.99407352602267	1	0.005926473977330159
	0	0.99843993556839	1	0.0015600644316100662
	0	0.9995473557342867	1	4.5264426571341426E-4
	0	0.04827192454849566	1	0.9517280754515044
	0	0.9998487469702404	1	1.5125302975948774E-4
	0	0.999466208213352	1	5.337917866480664E-4
	0	0.9992757260679102	1	7.242739320898129E-4
	0	0.8795886137955089	1	0.12041138620449111
	0	0.9973642603365557	1	0.0026357396634442577
	0	0.9998100438550077	1	1.8995614499232795E-4
	0	0.02443004870748264	1	0.9755699512925174
	0	0.9904448962291433	1	0.009555103770856803
	0	0.9991306452559227	1	8.693547440773639E-4
	0	0.0013226846052240412	1	0.998677315394776
	0	0.9993358638226592	1	6.641361773408429E-4
	0	0.9992425283157277	1	7.574716842724435E-4
	0	0.9676832478176021	1	0.03231675218239791
	0	5.787527107340294E-6	1	0.9999942124728927
	0	0.9994898231685204	1	5.101768314796305E-4
	0	0.9994325221292367	1	5.674778707634344E-4
	0	0.0024222691733893726	1	0.9975777308266107
	0	0.9600126683774469	1	0.03998733162255313
	0	0.9613612532010435	1	0.03863874679895661
	0	0.9069969146393234	1	0.09300308536067653
	0	0.9969492261037319	1	0.0030507738962681375
	0	0.9343247637786279	1	0.06567523622137199
	0	0.9972410145109744	1	0.0027589854890256093
	0	0.9915496316926979	1	0.008450368307302012
	0	0.18857722430599266	1	0.8114227756940073
	0	0.9992879942926552	1	7.120057073447088E-4
	0	0.0024331817163741965	1	0.9975668182836258
	0	0.9650039539976308	1	0.034996046002369254
	0	0.09964220229697747	1	0.9003577977030225
	0	0.2816247132571569	1	0.7183752867428431
	0	0.034794993130409235	1	0.9652050068695908
	0	0.9957983157027617	1	0.004201684297238327
	0	0.0350664157451932	1	0.9649335842548068
	0	0.9997328927042886	1	2.6710729571151164E-4
	0	0.9998590831813694	1	1.4091681863058622E-4
	0	0.9886419686962308	1	0.011358031303769238
	0	8.466206169370037E-5	1	0.9999153379383063
	0	0.9949314723318479	1	0.005068527668152196
	0	0.9949494884119666	1	0.005050511588033348
	0	0.06566014284243599	1	0.9343398571575641
	0	0.048468954267280887	1	0.951531045732719
	0	0.9927677478199238	1	0.007232252180076081
	0	0.9990687960410929	1	9.312039589070296E-4
	0	0.9950928027868977	1	0.004907197213102356
	0	0.9994951969779484	1	5.048030220515131E-4
	0	0.8875232515264359	1	0.11247674847356419
	0	0.9977237402615642	1	0.002276259738435789
	0	5.727352387708352E-4	1	0.9994272647612291
	0	0.9848841122540277	1	0.015115887745972265
	0	0.9998966721073368	1	1.0332789266308376E-4
	0	0.9996694761168289	1	3.305238831710967E-4
	0	0.9999088804349358	1	9.111956506435005E-5
	0	0.004340432315848691	1	0.9956595676841513
	0	0.9997546739466695	1	2.4532605333049006E-4
	0	0.9985544810911327	1	0.001445518908867341
	0	0.009395822257870083	1	0.9906041777421299
	0	0.9999332152503715	1	6.67847496284479E-5
	0	0.9986485274699854	1	0.0013514725300146288
	0	0.9993704122847639	1	6.295877152362192E-4
	0	0.9521910979933179	1	0.047808902006682114
	0	0.9963987625695093	1	0.0036012374304907665
	0	0.9997144852234284	1	2.855147765716108E-4
	0	0.9998180034543049	1	1.8199654569511515E-4
	0	0.8487892542312198	1	0.15121074576878032
	0	0.08111796260164193	1	0.9188820373983582
	0	0.003227180294164724	1	0.9967728197058353
	0	0.8685519533952318	1	0.1314480466047682
	0	0.9995565098441473	1	4.4349015585273154E-4
	0	0.9997523599197182	1	2.4764008028164736E-4
	0	0.01945536901665434	1	0.9805446309833457
	0	0.9997293035338395	1	2.7069646616043736E-4
	0	0.7533694634731065	1	0.2466305365268936
	0	0.9992748097439568	1	7.251902560432803E-4
	0	0.9984124427750479	1	0.0015875572249520829
	0	0.023047016853881226	1	0.9769529831461188
	0	1.7926377010089569E-4	1	0.999820736229899
	0	0.9997680512403736	1	2.3194875962644784E-4
	0	0.9998812651434587	1	1.1873485654122481E-4
	0	0.9964741388772687	1	0.003525861122731371
	0	0.01386380810228925	1	0.9861361918977107
	0	0.9996404660798514	1	3.595339201485585E-4
	0	0.010239031664669778	1	0.9897609683353301
	0	0.007056965227129265	1	0.9929430347728707
	0	0.9761990819606041	1	0.023800918039395928
	0	0.0017830882749610073	1	0.998216911725039
	0	0.9887243348643266	1	0.011275665135673374
	0	0.011809689621115478	1	0.9881903103788845
	0	0.9926775997319919	1	0.007322400268008093
	0	0.9999600477352134	1	3.995226478665461E-5
	0	0.07233619966981637	1	0.9276638003301837
	0	0.039155287132996965	1	0.960844712867003
	0	0.9996258891907736	1	3.7411080922645937E-4
	0	0.9998194868571136	1	1.8051314288644726E-4
	0	0.09327374004214463	1	0.9067262599578554
	0	0.9352492389038137	1	0.06475076109618624
	0	0.9992071303490595	1	7.928696509406158E-4
	0	0.9863930141563845	1	0.013606985843615561
	0	0.9734968125335728	1	0.026503187466427207
	0	0.9998196242879717	1	1.8037571202833008E-4
	0	0.0808738881296154	1	0.9191261118703845
	0	0.0013577996796795494	1	0.9986422003203205
	0	0.07374948295105777	1	0.9262505170489422
	0	3.745047899507933E-5	1	0.9999625495210049
	0	0.9998203098191303	1	1.7969018086963604E-4
	0	0.025680195037883286	1	0.9743198049621168
	0	0.9949804681087094	1	0.005019531891290519
	0	0.9995859654014158	1	4.140345985843441E-4
	0	0.9967207902537754	1	0.0032792097462245435
	0	0.9990268468592189	1	9.731531407811642E-4
	0	0.999872163821133	1	1.2783617886712498E-4
	0	0.0026553297593482294	1	0.9973446702406518
	0	0.01329809421582122	1	0.9867019057841787
	0	0.1222064944923223	1	0.8777935055076777
	0	0.9998437457765366	1	1.562542234634659E-4
	0	0.9998936987047844	1	1.0630129521569131E-4
	0	0.9997887362988512	1	2.112637011487462E-4
	0	0.9909609368295081	1	0.00903906317049189
	0	0.94125545915298	1	0.058744540847020056
	0	0.9799326203858066	1	0.020067379614193373
	0	0.9728018621294311	1	0.02719813787056887
	0	0.03743760853838404	1	0.9625623914616159
	0	0.9093309858516959	1	0.09066901414830404
	0	0.004878207684394379	1	0.9951217923156057
	0	0.9972262323243901	1	0.0027737676756098804
	0	0.8975433606752551	1	0.10245663932474484
	0	0.9999404803569885	1	5.9519643011507155E-5
	0	0.011809689621115478	1	0.9881903103788845
	0	0.0015098252758373744	1	0.9984901747241626
	0	0.02096018197728394	1	0.9790398180227161
	0	0.036938228306438815	1	0.9630617716935611
	0	0.9991933338846521	1	8.066661153478433E-4
	0	0.9998564115531984	1	1.4358844680159469E-4
	0	0.9997874484098576	1	2.125515901423718E-4
	0	0.999593233415814	1	4.067665841859618E-4
	0	0.9998722453046223	1	1.277546953778191E-4
	0	0.968756515294903	1	0.03124348470509692
	0	0.9998825176447026	1	1.1748235529749391E-4
	0	0.9548129045859022	1	0.04518709541409771
	0	0.011734437949148737	1	0.9882655620508514
	0	0.9987692080270054	1	0.001230791972994505
	0	0.9980427813727355	1	0.0019572186272645694
	0	0.9977877821906859	1	0.0022122178093141732
	0	0.999219548127063	1	7.804518729369204E-4
	0	0.9993450424675702	1	6.549575324298673E-4
	0	0.9999501670343959	1	4.983296560407238E-5
	0	0.9997692161369769	1	2.307838630231261E-4
	0	0.9992880139739891	1	7.119860260109062E-4
	0	0.0743366839024302	1	0.9256633160975698
	0	0.9927443151742719	1	0.0072556848257281795
	0	0.9996828530916241	1	3.1714690837597196E-4
	0	0.9996676624504115	1	3.3233754958856464E-4
	0	0.9992815910689362	1	7.184089310638394E-4
	0	0.9991187488990114	1	8.812511009885091E-4
	0	0.9999184901435277	1	8.150985647226111E-5
	0	0.007089867948319881	1	0.9929101320516801
	0	0.9994344896262549	1	5.655103737451806E-4
	0	0.03904210916121717	1	0.9609578908387828
	0	0.9941689817483915	1	0.0058310182516084575
	0	0.9343247637786279	1	0.06567523622137199
	0	0.9575810191307829	1	0.04241898086921712
	0	0.9982018956781618	1	0.0017981043218381091
	0	0.9994344896262549	1	5.655103737451806E-4
	0	0.9999436203630875	1	5.637963691245451E-5
	0	0.9999436203630875	1	5.637963691245451E-5
	0	0.9991897644763522	1	8.102355236478601E-4
	0	0.9993329974507541	1	6.670025492459329E-4
	0	9.274359404701978E-4	1	0.9990725640595299
	0	0.9678520096584559	1	0.0321479903415442
	0	0.9994344896262549	1	5.655103737451806E-4
	0	0.9999436203630875	1	5.637963691245451E-5
	0	0.9999436203630875	1	5.637963691245451E-5
	0	0.943026917475558	1	0.05697308252444196
	0	0.9996916701141032	1	3.083298858968328E-4
	0	0.004128952189558168	1	0.9958710478104419
	0	0.9839023083897374	1	0.016097691610262685
	0	0.9998618492151522	1	1.3815078484776192E-4
	0	0.999874095774561	1	1.2590422543906914E-4
	0	6.780065720059844E-4	1	0.9993219934279939
	0	0.9975779885610707	1	0.002422011438929198
	0	0.9998227226836331	1	1.772773163669189E-4
	0	0.9996656802108094	1	3.3431978919062455E-4
	0	0.9995285733166801	1	4.714266833198096E-4
	0	0.9994344896262549	1	5.655103737451806E-4
	0	0.9995368877954924	1	4.6311220450752594E-4
	0	0.9999436203630875	1	5.637963691245451E-5
	0	0.9999436203630875	1	5.637963691245451E-5
	0	0.9986887653059673	1	0.0013112346940327164
	0	0.9997711692258437	1	2.28830774156315E-4
	0	0.9994006571942199	1	5.99342805780036E-4
	0	0.9995694918444148	1	4.305081555852696E-4
	0	0.9997237305715514	1	2.7626942844854476E-4
	0	0.9999690314253233	1	3.096857467662499E-5
	0	0.3187944335117091	1	0.6812055664882909
	0	0.9984746591017334	1	0.0015253408982665874
	0	0.9997233707171921	1	2.7662928280795893E-4
	0	0.9928981348322252	1	0.007101865167774722
	0	0.9987931457935466	1	0.0012068542064533072
	0	0.9843533516842511	1	0.015646648315748978
	0	0.9999246370877469	1	7.536291225308186E-5
	0	0.20733657302981823	1	0.7926634269701818
	0	0.9910504546968603	1	0.008949545303139775
	0	0.9970940227809313	1	0.002905977219068831
	0	0.003965186945606913	1	0.996034813054393
	0	0.9979437374917436	1	0.0020562625082564683
	0	0.9996559163263928	1	3.440836736071623E-4
	0	0.10412473134337186	1	0.8958752686566281
	0	0.9991025373869978	1	8.974626130021844E-4
	0	0.9954633410978403	1	0.004536658902159621
	0	0.9841580936467844	1	0.01584190635321546
	0	0.9809314908314122	1	0.019068509168587672
	0	0.6125400877521292	1	0.3874599122478708
	0	0.9993234892697558	1	6.76510730244134E-4
	0	0.9351470215576146	1	0.06485297844238533
	0	0.9995874100955421	1	4.125899044580078E-4
	0	0.9854130498556055	1	0.014586950144394444
	0	0.9950753420275789	1	0.004924657972421053
	0	0.9832917191342482	1	0.01670828086575188
	0	0.9949100480184307	1	0.005089951981569252
	0	0.7035042224183528	1	0.29649577758164725
	0	0.9954704574114959	1	0.004529542588504267
	0	0.9974111976488057	1	0.002588802351194367
	0	0.01982005155351497	1	0.980179948446485
	0	0.9998344382914085	1	1.6556170859150326E-4
	0	0.9995826944040378	1	4.173055959621871E-4
	0	0.08148864221510377	1	0.9185113577848962
	0	0.9994502495064378	1	5.497504935621046E-4
	0	0.03551886946191297	1	0.9644811305380869
	0	0.9656141957562436	1	0.03438580424375649
	0	8.258557602193762E-4	1	0.9991741442397807
	0	0.999944601927411	1	5.539807258903412E-5
	0	0.04166997650722489	1	0.9583300234927751
	0	0.16331902190715838	1	0.8366809780928417
	0	0.5324287102175308	1	0.46757128978246915
	0	0.9998077441187094	1	1.9225588129052627E-4
	0	0.7344918130597405	1	0.2655081869402595
	0	0.9974300137366267	1	0.00256998626337339
	0	0.9964998296238856	1	0.0035001703761145075
	0	0.9999830513105096	1	1.6948689490410612E-5
	0	0.986484324523337	1	0.013515675476662924
	0	0.9999062269677201	1	9.377303227991932E-5
	0	0.05716043176980604	1	0.942839568230194
	0	0.9909144813427138	1	0.009085518657286256
	0	0.9997443532246868	1	2.5564677531320063E-4
	0	0.9996004823671933	1	3.9951763280663056E-4
	0	0.9996965476264474	1	3.0345237355257327E-4
	0	0.13655937121571435	1	0.8634406287842857
	0	0.9899027672898799	1	0.01009723271012006
	0	0.9922633260930689	1	0.007736673906931091
	0	0.9998232791739946	1	1.76720826005298E-4
	0	0.9900779108376874	1	0.009922089162312703
	0	0.9998493358035166	1	1.5066419648340006E-4
	0	0.9996835183058748	1	3.164816941252231E-4
	0	0.9990945428301955	1	9.054571698043936E-4
	0	0.022900074983073327	1	0.9770999250169266
	0	0.9293553924306504	1	0.0706446075693496
	0	0.9997139843583478	1	2.8601564165208165E-4
	0	0.9997597966275458	1	2.402033724543702E-4
	0	0.9989609168995769	1	0.0010390831004229925
	0	0.9943633783717983	1	0.0056366216282016735
	0	0.07395916293817661	1	0.9260408370618233
	0	0.9867324362374862	1	0.013267563762513888
	0	6.477384072160006E-4	1	0.9993522615927839
	0	0.012604408692049734	1	0.9873955913079504
	0	0.021046274284558717	1	0.9789537257154411
	0	0.9580848863365294	1	0.0419151136634705
	0	0.036938228306438815	1	0.9630617716935611
	0	0.9993579714524113	1	6.4202854758859E-4
	0	0.9990760314592563	1	9.239685407436929E-4
	0	0.9982379263138447	1	0.001762073686155304
	0	0.9962693428573406	1	0.003730657142659474
	0	0.9970746123555957	1	0.002925387644404292
	0	0.9945366073658668	1	0.005463392634133138
	0	0.011983374554644046	1	0.9880166254453558
	0	0.999328056230685	1	6.719437693149192E-4
	0	0.007587903511834356	1	0.9924120964881656
	0	0.9992979995941937	1	7.020004058062983E-4
	0	0.9982142594680974	1	0.0017857405319025462
	0	0.9997693850613555	1	2.3061493864456932E-4
	0	0.9954130350612912	1	0.004586964938708825
	0	0.014602562305232712	1	0.9853974376947674
	0	0.9997570022931888	1	2.429977068111999E-4
	0	0.9997044087735575	1	2.95591226442463E-4
	0	0.9999066229745088	1	9.337702549104066E-5
	0	0.9985336875825149	1	0.0014663124174850361
	0	0.002392800766464776	1	0.9976071992335351
	0	9.274359404701978E-4	1	0.9990725640595299
	0	0.999358968627488	1	6.410313725119457E-4
	0	0.9689468668711789	1	0.031053133128820982
	0	0.9299046140821894	1	0.07009538591781066
	0	0.8309253005622842	1	0.16907469943771583
	0	0.9730695446829397	1	0.02693045531706019
	0	0.9045623207129374	1	0.0954376792870626
	0	0.9899345484938591	1	0.010065451506141
	0	0.1174667433096033	1	0.8825332566903966
	0	2.2584154469981293E-4	1	0.9997741584553002
	0	0.9989557664310594	1	0.0010442335689405465
	0	0.002865200378806537	1	0.9971347996211934
	0	1.369028870780291E-4	1	0.9998630971129219
	0	0.9986297156194526	1	0.001370284380547311
	0	0.9994365234654169	1	5.634765345830503E-4
	0	0.9848375989826957	1	0.015162401017304207
	0	0.9990268993387283	1	9.731006612716791E-4
	0	9.887678964893205E-5	1	0.999901123210351
	0	0.9996704863922354	1	3.2951360776458646E-4
	0	0.9630480212939726	1	0.03695197870602741
	0	0.9900291012640904	1	0.009970898735909575
	0	0.9990885333705083	1	9.114666294917323E-4
	0	0.05163502066955488	1	0.9483649793304452
	0	0.22929362766565997	1	0.7707063723343401
	0	0.9967589751919671	1	0.0032410248080328497
	0	0.3261129542330233	1	0.6738870457669767
	0	0.15237658472235405	1	0.847623415277646
	0	0.9938545600302899	1	0.00614543996971016
	0	4.0679936058926464E-5	1	0.9999593200639411
	0	0.12213700027310766	1	0.8778629997268923
	0	0.9923872484210998	1	0.007612751578900045
	0	0.9985115513038868	1	0.0014884486961131704
	0	0.9990845462012387	1	9.154537987613319E-4
	0	0.9824858055204959	1	0.017514194479504135
	0	0.9175251176841115	1	0.08247488231588844
	0	0.4921866545427595	1	0.5078133454572404
	0	0.9950537037857864	1	0.004946296214213637
	0	0.05518687014125431	1	0.9448131298587457
	0	0.9796861421417773	1	0.02031385785822272
	0	0.9961647311204012	1	0.003835268879598964
	0	0.03614843533883238	1	0.9638515646611676
	0	0.999632920906213	1	3.670790937868505E-4
	0	0.011809689621115478	1	0.9881903103788845
	0	0.007070905078978739	1	0.9929290949210212
	0	0.9780503176268538	1	0.02194968237314629
	0	0.7501281304026224	1	0.24987186959737756
	0	0.9805198134216476	1	0.01948018657835228
	0	0.9874068599229591	1	0.012593140077040984
	0	0.9933923012058119	1	0.006607698794188094
	0	0.9651558093513488	1	0.03484419064865118
	0	0.9943764155043626	1	0.005623584495637333
	0	0.9993232625763002	1	6.767374236998058E-4
	0	0.012489158787099197	1	0.9875108412129009
	0	0.9961623603480011	1	0.003837639651998953
	0	0.9005824698438599	1	0.09941753015614017
	0	6.866261323664572E-4	1	0.9993133738676335
	0	0.9995954206746466	1	4.0457932535338835E-4
	0	0.9980893261661575	1	0.00191067383384236
	0	0.9998942939755878	1	1.0570602441223541E-4
	0	0.9999038301959917	1	9.616980400818741E-5
	0	0.9986917181673282	1	0.0013082818326717789
	0	0.9990352493473093	1	9.647506526907405E-4
	0	0.9974866374608562	1	0.0025133625391438553
	0	0.9304367030419426	1	0.06956329695805737
	0	0.9997070363910834	1	2.929636089167199E-4
	0	0.9996630370679195	1	3.369629320804888E-4
	0	0.07137538551242635	1	0.9286246144875737
	0	0.9998412371441301	1	1.587628558698878E-4
	0	0.015009432074559452	1	0.9849905679254405
	0	0.04869421660932078	1	0.9513057833906793
	0	0.9717819061780465	1	0.028218093821953415
	0	0.03831490195551547	1	0.9616850980444844
	0	0.9966256566855576	1	0.003374343314442549
	0	0.9929622326479679	1	0.0070377673520321685
	0	0.026826938548871096	1	0.9731730614511288
	0	0.9988329907161425	1	0.0011670092838575762
	0	0.9979163628444094	1	0.0020836371555905744
	0	0.9992306900018095	1	7.693099981905736E-4
	0	0.0013345607071141078	1	0.998665439292886
	0	0.9983837746779813	1	0.0016162253220187394
	0	0.9996029445407428	1	3.970554592572951E-4
	0	0.2213864688870184	1	0.7786135311129816
	0	0.999777658535933	1	2.2234146406701111E-4
	0	0.07313870657633391	1	0.9268612934236662
	0	0.999684483468912	1	3.155165310879885E-4
	0	0.9996086811408676	1	3.9131885913238284E-4
	0	0.9499606460842887	1	0.0500393539157113
	0	0.8200307898615338	1	0.1799692101384662
	0	0.8959186462761771	1	0.10408135372382299
	0	0.9792697911875569	1	0.020730208812443182
	0	0.9970022585036323	1	0.0029977414963676076
	0	0.9993011123390108	1	6.988876609893213E-4
	0	0.9991275535769126	1	8.724464230872634E-4
	0	0.9993366009945417	1	6.633990054583461E-4
	0	0.9995598487093389	1	4.4015129066108006E-4
	0	0.9999545553103668	1	4.544468963310716E-5
	0	0.4468958698134331	1	0.5531041301865669
	0	0.8978488534378071	1	0.1021511465621929
	0	0.9984199091917039	1	0.0015800908082961138
	0	0.007160070817165107	1	0.9928399291828348
	0	0.36889534942192553	1	0.6311046505780745
	0	0.9987420722768572	1	0.0012579277231428083
	0	0.014738265918397261	1	0.9852617340816029
	0	0.9987845425035634	1	0.0012154574964364632
	0	0.003929730031798184	1	0.9960702699682017
	0	0.9942489925953814	1	0.005751007404618674
	0	0.9915171140405938	1	0.008482885959406205
	0	0.9993189453962442	1	6.810546037556858E-4
	0	0.9866382973254338	1	0.013361702674566057
	0	9.791757330353816E-4	1	0.9990208242669646
	0	0.9870243479712657	1	0.01297565202873439
	0	0.9954727557111726	1	0.004527244288827429
	0	0.006718733796890732	1	0.9932812662031092
	0	0.9999488983863165	1	5.1101613683487434E-5
	0	0.9827567706130007	1	0.017243229386999216
	0	0.9999185333587212	1	8.146664127882538E-5
	0	0.9998983274789381	1	1.0167252106180298E-4
	0	0.7135828485771613	1	0.28641715142283863
	0	0.9990183171184339	1	9.816828815659973E-4
	0	0.9827252606902327	1	0.017274739309767365
	0	0.9975524163102977	1	0.0024475836897024095
	0	0.9964032949944991	1	0.0035967050055009174
	0	0.99579695494174	1	0.0042030450582599636
	0	0.9921222676021721	1	0.00787773239782795
	0	0.9999485750976121	1	5.1424902387879936E-5
	0	0.9998506411486704	1	1.4935885132962058E-4
	0	0.7668985647029388	1	0.23310143529706126
	0	0.9946092422988309	1	0.0053907577011691995
	0	0.4223101255400373	1	0.5776898744599627
	0	0.9777457482816437	1	0.02225425171835625
	0	0.6898123373905499	1	0.31018766260944997
	0	0.012908489938300322	1	0.9870915100616997
	0	0.12174438876061922	1	0.8782556112393808
	0	5.787527107340294E-6	1	0.9999942124728927
	0	0.9997079432141579	1	2.9205678584217243E-4
	0	0.9998277787698786	1	1.722212301215219E-4
	0	0.9999703634983397	1	2.96365016603131E-5
	0	0.7341284649886516	1	0.26587153501134847
	0	0.9881566623078393	1	0.011843337692160718
	0	0.6331218220165216	1	0.3668781779834783
	0	0.5793308144256278	1	0.4206691855743721
	0	0.9990599921851882	1	9.400078148119223E-4
	0	0.8599335093232455	1	0.14006649067675436
	0	0.9978197673902025	1	0.002180232609797656
	0	0.9953807072727457	1	0.004619292727254338
	0	0.36161449406485746	1	0.6383855059351424
	0	0.0038436849265212655	1	0.9961563150734787
	0	0.9991807993628847	1	8.192006371153007E-4
	0	0.03086955132297055	1	0.9691304486770295
	0	0.9995625494258936	1	4.3745057410641126E-4
	0	0.9149321365318979	1	0.08506786346810224
	0	0.696191625832733	1	0.303808374167267
	0	0.919494578963046	1	0.08050542103695399
	0	0.018563719912617776	1	0.9814362800873823
	0	0.9914968537857269	1	0.00850314621427309
	0	0.968477474326003	1	0.03152252567399712
	0	5.711383357170391E-4	1	0.9994288616642829
	0	0.9998238253633935	1	1.7617463660632971E-4
	0	0.9776446047132754	1	0.022355395286724603
	0	0.9997088301045723	1	2.9116989542776956E-4
	0	0.05808572434356377	1	0.9419142756564364
	0	0.9996296876769137	1	3.703123230863667E-4
	0	0.9998753140194723	1	1.2468598052770255E-4
	0	0.9999467459644904	1	5.3254035509605776E-5
	0	0.9995790731009483	1	4.2092689905168365E-4
	0	0.9724979312774306	1	0.027502068722569474
	0	0.01815003662539667	1	0.9818499633746033
	0	0.9967689801267365	1	0.003231019873263484
	0	0.996511816641555	1	0.0034881833584451626
	0	0.9999564732093715	1	4.352679062851505E-5
	0	0.0019401701072392983	1	0.9980598298927607
	0	0.998043647065978	1	0.001956352934021996
	0	0.009659045640748333	1	0.9903409543592516
	0	0.9997220938687684	1	2.7790613123156567E-4
	0	8.505151322711759E-5	1	0.999914948486773
	0	0.011809689621115478	1	0.9881903103788845
	0	0.9894054940223191	1	0.01059450597768077
	0	0.9965024368016527	1	0.003497563198347162
	0	4.8070983532299636E-5	1	0.9999519290164678
	0	8.634352408028805E-5	1	0.9999136564759197
	0	0.8400863734882192	1	0.15991362651178062
	0	0.9998611578840801	1	1.3884211591989242E-4
	0	0.9993446954331752	1	6.553045668248798E-4
	0	0.9722719384977218	1	0.027728061502278228
	0	0.9920730589723585	1	0.007926941027641554
	0	0.9999380171689352	1	6.198283106494813E-5
	0	0.02096018197728394	1	0.9790398180227161
	0	2.1732515337317797E-4	1	0.9997826748466268
	0	0.999691608614862	1	3.0839138513805614E-4
	0	0.9999826089217735	1	1.7391078226445243E-5
	0	0.9969095234119573	1	0.0030904765880426983
	0	0.9999093784417986	1	9.062155820124061E-5
	0	0.9948638938296616	1	0.005136106170338483
	0	0.9999222571968523	1	7.774280314768008E-5
	0	0.9996572707975783	1	3.427292024218229E-4
	0	0.9995948627475674	1	4.0513725243269695E-4
	0	4.8070983532299636E-5	1	0.9999519290164678
	0	0.0528033429444964	1	0.9471966570555036
	0	0.994504222961235	1	0.005495777038765036
	0	0.13141899132614365	1	0.8685810086738565
	0	0.9999169282133086	1	8.307178669148425E-5
	0	0.0012462545779991768	1	0.9987537454220009
	0	0.8821422175032307	1	0.11785778249676934
	0	9.883741277104815E-4	1	0.9990116258722895
	0	0.5986656774402329	1	0.4013343225597671
	0	3.2938158486219184E-4	1	0.9996706184151379
	0	0.9997637423835156	1	2.3625761648447152E-4
	0	0.0027333773139706303	1	0.9972666226860294
	0	0.9219835828633008	1	0.07801641713669923
	0	0.9913964008152785	1	0.008603599184721597
	0	0.9948928084775812	1	0.0051071915224187815
	0	0.18816798883274624	1	0.8118320111672537
	0	0.9271626535585582	1	0.07283734644144182
	0	0.9866640876283529	1	0.013335912371647057
	0	0.9985225448298517	1	0.00147745517014839
	0	0.9989796797704251	1	0.001020320229574805
	0	0.997933865911105	1	0.002066134088894969
	0	0.9999537564474558	1	4.6243552544153766E-5
	0	0.9993215858688188	1	6.784141311812648E-4
	0	0.9972026282018664	1	0.0027973717981335865
	0	0.03087843162834727	1	0.9691215683716529
	0	0.9959825175398168	1	0.004017482460183285
	0	0.015179171822441929	1	0.984820828177558
	0	4.6944153859131095E-4	1	0.9995305584614087
	0	0.012195554316759902	1	0.9878044456832401
	0	0.9996340586789884	1	3.659413210116874E-4
	0	0.9999797953276119	1	2.0204672388007182E-5
	0	0.0035924382363312496	1	0.9964075617636687
	0	0.9685139954834108	1	0.031486004516589325
	0	0.999408418686069	1	5.915813139308804E-4
	0	0.999946402464595	1	5.359753540487709E-5
	0	5.0425788825208427E-5	1	0.9999495742111749
	0	0.9943072586485711	1	0.005692741351428807
	0	0.9998037170925494	1	1.9628290745061174E-4
	0	0.9971694633214837	1	0.0028305366785163297
	0	0.004270372088204181	1	0.9957296279117958
	0	0.094168547383293	1	0.905831452616707
	0	0.04657789399955056	1	0.9534221060004495
	0	0.9901912933980915	1	0.009808706601908539
	0	0.997261199190983	1	0.0027388008090168505
	0	0.9993134404493215	1	6.865595506784457E-4
	0	0.9345313146173931	1	0.0654686853826068
	0	0.001069547505603136	1	0.9989304524943969
	0	0.9996975881788217	1	3.0241182117828465E-4
	0	0.9699800290650573	1	0.03001997093494259
	0	0.9261527533163326	1	0.07384724668366736
	0	0.9185783593431656	1	0.0814216406568344
	0	0.9255761005495992	1	0.07442389945040084
	0	0.849052964332955	1	0.150947035667045
	0	0.9981259886086586	1	0.0018740113913413544
	0	0.9983443998243882	1	0.0016556001756117106
	0	0.9980948712408991	1	0.0019051287591009126
	0	0.9250469027273515	1	0.07495309727264851
	0	0.9828946036783869	1	0.017105396321613103
	0	0.9521099800315218	1	0.047890019968478144
	0	0.995073493967001	1	0.004926506032999046
	0	0.9919532189163814	1	0.008046781083618473
	0	0.9994252995783596	1	5.747004216403717E-4
	0	0.9991909712928524	1	8.090287071475532E-4
	0	0.011364754877754565	1	0.9886352451222454
	0	0.9968140576853608	1	0.003185942314639291
	0	0.9998839572152041	1	1.1604278479601323E-4
	0	0.03401532669986266	1	0.9659846733001374
	0	0.9947384781216453	1	0.005261521878354634
	0	0.12151153435353543	1	0.8784884656464645
	0	0.999503380975856	1	4.966190241439269E-4
	0	0.998337031054419	1	0.0016629689455811664
	0	0.9940749692485203	1	0.005925030751479707
	0	0.997717141103006	1	0.0022828588969939913
	0	0.17365741833524903	1	0.8263425816647509
	0	1.3899094365144776E-5	1	0.9999861009056348
	0	0.999106148252961	1	8.938517470390128E-4
	0	0.19546512514211448	1	0.8045348748578856
	0	0.999874528672488	1	1.2547132751206542E-4
	0	0.5629736866110033	1	0.4370263133889967
	0	0.9994756928605275	1	5.24307139472391E-4
	0	0.9954645335190087	1	0.00453546648099128
	0	0.9998288770460084	1	1.7112295399168549E-4
	0	0.33791464104884045	1	0.6620853589511596
	0	0.8195856770014198	1	0.18041432299858018
	0	0.9975745488498767	1	0.002425451150123313
	0	0.9561821021120314	1	0.04381789788796853
	0	0.9947821139045832	1	0.005217886095416787
	0	0.9069805054006461	1	0.09301949459935377
	0	0.005375823014632263	1	0.9946241769853679
	0	0.9998584989586606	1	1.4150104133932832E-4
	0	0.9981129578022643	1	0.001887042197735773
	0	0.994136303234035	1	0.005863696765964956
	0	0.9960246567510392	1	0.003975343248960696
	0	1.7340710338152024E-5	1	0.9999826592896619
	0	0.994420236190224	1	0.005579763809775924
	0	0.9701042493707067	1	0.0298957506292933
	0	0.9951925023734434	1	0.004807497626556623
	0	0.9989778947257919	1	0.0010221052742079848
	0	9.274359404701978E-4	1	0.9990725640595299
	0	0.9999449864411495	1	5.501355885039011E-5
	0	0.999084111481034	1	9.158885189660735E-4
	0	0.9871157607525234	1	0.012884239247476571
	0	0.0033496566742535535	1	0.9966503433257464
	0	0.02186905002969851	1	0.9781309499703015
	0	0.7078080552099917	1	0.2921919447900083
	0	0.6760206647563685	1	0.3239793352436316
	0	0.027852810594556916	1	0.9721471894054431
	0	0.17365525022025635	1	0.8263447497797437
	0	0.7842245917646062	1	0.2157754082353937
	0	0.2984617698733252	1	0.7015382301266748
	0	0.0011071189700224018	1	0.9988928810299775
	0	0.9996691257822959	1	3.308742177041437E-4
	0	0.6640147012541523	1	0.3359852987458476
	0	0.0014047601042941997	1	0.9985952398957058
	0	0.9936181167241973	1	0.006381883275802748
	0	0.9997363190449507	1	2.636809550492801E-4
	0	0.011809689621115478	1	0.9881903103788845
	0	0.1487948885363946	1	0.8512051114636053
	0	0.9984313476251021	1	0.0015686523748978597
	0	0.9996348114457964	1	3.651885542035784E-4
	0	0.35846384930580877	1	0.6415361506941912
	0	0.9970233511190746	1	0.0029766488809254265
	0	0.9996083449728108	1	3.916550271890903E-4
	0	0.9998063846187695	1	1.9361538123060918E-4
	0	0.9995781549353586	1	4.2184506464143967E-4
	0	0.985229202587127	1	0.014770797412872901
	0	0.9999775598269954	1	2.2440173004581905E-5
	0	0.9996628322581865	1	3.371677418133999E-4
	0	0.9995971851939619	1	4.028148060380985E-4
	0	0.9807901225434646	1	0.01920987745653529
	0	0.9947895979872409	1	0.0052104020127592245
	0	0.004128952189558168	1	0.9958710478104419
	0	0.9504686612053658	1	0.04953133879463419
	0	0.14922177573001588	1	0.8507782242699842
	0	0.024308907472400592	1	0.9756910925275993
	0	0.010566368268258705	1	0.9894336317317413
	0	0.003276484583016802	1	0.9967235154169831
	0	0.9955295249350629	1	0.004470475064937105
	0	0.9996918564657903	1	3.081435342096919E-4
	0	0.25431012568927486	1	0.7456898743107252
	0	0.989999471769936	1	0.010000528230064126
	0	0.7277661399404348	1	0.2722338600595651
	0	0.9974913119723604	1	0.002508688027639745
	0	0.9876929851646653	1	0.01230701483533472
	0	0.9926741985924374	1	0.007325801407562438
	0	0.9884263496875779	1	0.011573650312422074
	0	0.9996380044389548	1	3.619955610452816E-4
	0	0.7983852913782689	1	0.201614708621731
	0	0.9983172430704785	1	0.0016827569295215473
	0	0.018283429511753567	1	0.9817165704882465
	0	0.12301369482669922	1	0.8769863051733009
	0	1.7926377010089569E-4	1	0.999820736229899
	0	0.9995146973252214	1	4.853026747785913E-4
	0	0.06838333161925189	1	0.9316166683807482
	0	0.9969229867699148	1	0.003077013230085375
	0	0.019020013664023266	1	0.9809799863359767
	0	0.0036680414941358997	1	0.9963319585058642
	0	0.998549429092549	1	0.0014505709074509637
	0	0.019020013664023266	1	0.9809799863359767
	0	0.0011071189700224018	1	0.9988928810299775
	0	0.997531055956512	1	0.002468944043487939
	0	0.9997985918373175	1	2.0140816268266352E-4
	0	0.9955158658572986	1	0.004484134142701392
	0	0.9958045054414709	1	0.004195494558528958
	0	0.9971202538479628	1	0.002879746152037275
	0	0.9997808125306267	1	2.1918746937334832E-4
	0	0.9992018096314803	1	7.981903685197222E-4
	0	0.020695447330337718	1	0.9793045526696622
	0	0.9986340000398682	1	0.0013659999601318051
	0	0.048177626827443164	1	0.9518223731725568
	0	0.005906119743942169	1	0.9940938802560577
	0	0.0011053673046012755	1	0.9988946326953988
	0	0.9387672039264451	1	0.061232796073554835
	0	0.9994055902253519	1	5.94409774648016E-4
	0	9.274359404701978E-4	1	0.9990725640595299
	0	8.575422318848027E-4	1	0.9991424577681153
	0	0.9993120007884063	1	6.879992115937362E-4
	0	3.9275973560523986E-5	1	0.9999607240264394
	0	0.9994274995390231	1	5.725004609769568E-4
	0	0.957709888366632	1	0.04229011163336795
	0	0.9999535491445666	1	4.645085543337262E-5
	0	0.01122770103445487	1	0.9887722989655451
	0	0.9959097952010607	1	0.004090204798939355
	0	0.9962155264386029	1	0.003784473561396979
	0	0.9987933596988777	1	0.0012066403011223939
	0	0.5890872247529138	1	0.41091277524708625
	0	0.08834649693213331	1	0.9116535030678666
	0	0.010377119718493776	1	0.9896228802815062
	0	0.08556077362922794	1	0.914439226370772
	0	8.859943504290789E-5	1	0.9999114005649571
	0	0.9995858716879507	1	4.141283120492566E-4
	0	0.99919999467241	1	8.000053275900183E-4
	0	1.4837824845710657E-4	1	0.9998516217515429
	0	0.9670469110677539	1	0.03295308893224615
	0	0.020577795453395498	1	0.9794222045466044
	0	0.005464262318974402	1	0.9945357376810257
	0	0.008195907671821656	1	0.9918040923281782
	0	0.9998552309936897	1	1.4476900631032362E-4
	0	0.99919999467241	1	8.000053275900183E-4
	0	0.998133542108314	1	0.0018664578916860334
	0	4.062857044044781E-5	1	0.9999593714295596
	0	0.02106038901585754	1	0.9789396109841425
	0	0.9942590822304986	1	0.005740917769501414
	0	0.9243644741335876	1	0.07563552586641252
	0	0.9135911918873761	1	0.08640880811262386
	0	0.008243664005109834	1	0.9917563359948901
	0	5.104493124291687E-4	1	0.9994895506875708
	0	9.430953035599943E-5	1	0.999905690469644
	0	0.9449285458502497	1	0.0550714541497502
	0	0.9996153487102479	1	3.8465128975215306E-4
	0	0.9999545187534832	1	4.548124651686067E-5
	0	0.9982902322881159	1	0.0017097677118840945
	0	0.9994782028727252	1	5.217971272747272E-4
	0	0.01386380810228925	1	0.9861361918977107
	0	0.9969579862027311	1	0.003042013797268718
	0	0.96025147884804	1	0.03974852115196018
	0	0.986335994756866	1	0.013664005243133933
	0	0.007264172627446125	1	0.9927358273725538
	0	0.9859668962461053	1	0.014033103753894743
	0	0.926701541779881	1	0.07329845822011906
	0	0.11270782692413636	1	0.8872921730758637
	0	0.9842968665047014	1	0.015703133495298616
	0	0.9999774707667886	1	2.2529233211444253E-5
	0	0.8357521712569946	1	0.16424782874300542
	0	0.9995829291236792	1	4.17070876320923E-4
	0	0.9994164543229986	1	5.83545677001324E-4
	0	0.9484719640267246	1	0.05152803597327539
	0	0.9995943197988255	1	4.056802011746413E-4
	0	0.9985315273364367	1	0.001468472663563373
	0	0.9992934749487863	1	7.065250512136879E-4
	0	0.9995466959585486	1	4.533040414513426E-4
	0	0.9958279271549246	1	0.0041720728450752925
	0	0.9997299289168466	1	2.700710831533281E-4
	0	8.41032013766858E-4	1	0.9991589679862332
	0	0.9998112128565482	1	1.8878714345185984E-4
	0	0.007671935764737968	1	0.9923280642352621
	0	7.81249908011776E-4	1	0.9992187500919882
	0	0.9968069788694592	1	0.0031930211305406307
	0	0.9493818780363563	1	0.05061812196364375
	0	0.9872580174170612	1	0.012741982582938668
	0	0.0012485621502226997	1	0.9987514378497774
	0	0.008737486514735056	1	0.9912625134852648
	0	0.9902925966124991	1	0.009707403387500741
	0	0.07558851542800386	1	0.9244114845719962
	0	0.023635370730620806	1	0.9763646292693792
	0	0.28280372313242474	1	0.7171962768675751
	0	0.9145941507874965	1	0.08540584921250335
	0	0.0022262831327537914	1	0.9977737168672461
	0	0.9925091215791212	1	0.007490878420878733
	0	0.005327574977927587	1	0.9946724250220724
	0	0.9988106799933526	1	0.0011893200066474033
	0	0.9583798596657948	1	0.04162014033420524
	0	4.8070983532299636E-5	1	0.9999519290164678
	0	0.9904641283130982	1	0.009535871686901832
	0	0.9915396783210546	1	0.008460321678945474
	0	0.06485231103216228	1	0.9351476889678376
	0	0.9956612718959393	1	0.004338728104060569
	0	1.4837824845710657E-4	1	0.9998516217515429
	0	0.9988573429728448	1	0.0011426570271553093
	0	0.9973604347502742	1	0.0026395652497256897
	0	0.14676593895181514	1	0.8532340610481848
	0	0.9887918649126394	1	0.011208135087360589
	0	0.9964601972234902	1	0.0035398027765097756
	0	0.010168213289554464	1	0.9898317867104456
	0	0.9986787471427907	1	0.0013212528572092328
	0	0.9997321201318935	1	2.6787986810645445E-4
	0	0.9996454905123255	1	3.5450948767438626E-4
	0	0.9676927922400874	1	0.03230720775991247
	0	9.04143717206594E-4	1	0.9990958562827934
	0	0.9999511236974036	1	4.8876302596402394E-5
	0	0.9991347335944972	1	8.65266405502609E-4
	0	0.9691054925907571	1	0.03089450740924286
	0	0.9976309131914964	1	0.0023690868085035365
	0	0.9933960369290877	1	0.006603963070912194
	0	0.9973586305089448	1	0.002641369491055092
	0	0.009311013008224935	1	0.990688986991775
	0	0.8877074978276753	1	0.11229250217232466
	0	0.0263612459466289	1	0.9736387540533711
	0	0.9986268071397764	1	0.0013731928602234986
	0	0.9993633620587445	1	6.36637941255463E-4
	0	0.9552393390747456	1	0.04476066092525435
	0	0.08814925515749356	1	0.9118507448425065
	0	0.9984615026304954	1	0.001538497369504665
	0	0.9984519053164815	1	0.0015480946835184398
	0	0.9997877500247406	1	2.122499752594136E-4
	0	0.9715681347117432	1	0.028431865288256853
	0	0.49970579236996826	1	0.5002942076300316
	0	0.9897482083896112	1	0.010251791610388803
	0	0.9984531865307313	1	0.0015468134692685918
	0	0.005707666815052249	1	0.9942923331849478
	0	0.9936181167241973	1	0.006381883275802748
	0	0.9978351254145997	1	0.002164874585400273
	0	0.09790366317161608	1	0.9020963368283839
	0	0.9923853490551618	1	0.007614650944838115
	0	0.0029286591840837466	1	0.9970713408159163
	0	0.24952044812896362	1	0.7504795518710364
	0	0.9997445353047021	1	2.554646952979503E-4
	0	0.9990097647546198	1	9.902352453801876E-4
	0	0.9997014534489376	1	2.985465510623809E-4
	0	0.18063630498710856	1	0.8193636950128914
	0	4.207102725550621E-4	1	0.9995792897274448
	0	0.992055212854413	1	0.007944787145586857
	0	0.9981088304157208	1	0.001891169584279218
	0	0.0263612459466289	1	0.9736387540533711
	0	0.04693010440803444	1	0.9530698955919656
	0	0.0526791193184009	1	0.9473208806815991
	0	0.9998596697329633	1	1.4033026703669238E-4
	0	0.9770619146475085	1	0.022938085352491536
	0	0.9945270302590203	1	0.0054729697409797344
	0	0.3287946969107191	1	0.6712053030892808
	0	0.9940979641690624	1	0.005902035830937577
	0	0.9971770203546703	1	0.0028229796453297395
	0	0.9721473732648871	1	0.027852626735112844
	0	0.12486675705230235	1	0.8751332429476977
	0	0.0016200217862089457	1	0.998379978213791
	0	0.9993205611298487	1	6.7943887015123E-4
	0	0.9985971165315061	1	0.00140288346849386
	0	0.9192149633104093	1	0.08078503668959076
	0	0.9998029631259067	1	1.970368740932564E-4
	0	0.994098659939248	1	0.005901340060752119
	0	0.9945615554014141	1	0.005438444598585998
	0	0.9999214769012246	1	7.852309877533747E-5
	0	0.9818939090517598	1	0.018106090948240106
	0	0.9979393805333693	1	0.002060619466630572
	0	0.9085722685015923	1	0.09142773149840774
	0	0.9945166104359379	1	0.005483389564062134
	0	0.9717195571014654	1	0.02828044289853454
	0	0.9999356878259174	1	6.431217408259901E-5
	0	0.998908150493425	1	0.0010918495065749929
	0	0.9995020758782132	1	4.979241217868394E-4
	0	0.03619246468803399	1	0.963807535311966
	0	0.9432393381053388	1	0.05676066189466116
	0	0.00231134138862546	1	0.9976886586113745
	0	0.9909461258001063	1	0.009053874199893562
	0	0.15412887523088914	1	0.8458711247691109
	0	0.9978664698855849	1	0.00213353011441518
	0	0.9995913949079159	1	4.0860509208403125E-4
	0	0.065529380566583	1	0.934470619433417
	0	2.9401447390657457E-4	1	0.9997059855260935
	0	0.7696917228326446	1	0.23030827716735536
	0	0.9978404683950683	1	0.0021595316049316925
	0	0.9912873503976528	1	0.008712649602347236
	0	0.9866680795970844	1	0.013331920402915545
	0	0.9998997556507062	1	1.0024434929368315E-4
	0	0.0017227145842482314	1	0.9982772854157519
	0	0.9443144059554811	1	0.055685594044518824
	0	0.9974346463729602	1	0.0025653536270397216
	0	0.9807554014806329	1	0.019244598519367
	0	4.5495775092182166E-5	1	0.9999545042249078
	0	0.43318342092171963	1	0.5668165790782803
	0	0.9616644255340733	1	0.03833557446592671
	0	0.9998882631588889	1	1.1173684111096644E-4
	0	0.997272886368842	1	0.002727113631158054
	0	0.9586935469557184	1	0.04130645304428153
	0	0.04650972443136662	1	0.9534902755686334
	0	0.9985656804824996	1	0.0014343195175003447
	0	0.131087351072762	1	0.868912648927238
	0	0.9046109286283379	1	0.09538907137166208
	0	0.960064369520316	1	0.0399356304796839
	0	0.9955610779650832	1	0.004438922034916893
	0	0.024593495262373786	1	0.9754065047376261
	0	0.9736850141453894	1	0.026314985854610614
	0	0.2739752796121162	1	0.7260247203878839
	0	0.03008497924735557	1	0.9699150207526444
	0	0.004465658093212445	1	0.9955343419067876
	0	0.9940378737019829	1	0.00596212629801704
	0	0.04149715618296751	1	0.9585028438170325
	0	0.9968297938247722	1	0.0031702061752277625
	0	0.9870448856465968	1	0.01295511435340329
	0	0.0019331948838669064	1	0.998066805116133
	0	4.4181151150142695E-4	1	0.9995581884884985
	0	0.9922012127152273	1	0.007798787284772665
	0	0.9962236633728968	1	0.0037763366271031285
	0	0.20758348601231771	1	0.7924165139876824
	0	0.00668834209273766	1	0.9933116579072623
	0	0.19181762685838658	1	0.8081823731416135
	0	0.01982005155351497	1	0.980179948446485
	0	0.13318992531508406	1	0.866810074684916
	0	0.9942566132424218	1	0.0057433867575784016
	0	0.9947477524847219	1	0.0052522475152779425
	0	0.010882017102517001	1	0.989117982897483
	0	0.012398087055210593	1	0.9876019129447895
	0	0.984122276169527	1	0.015877723830473
	0	0.05482859854713385	1	0.9451714014528662
	0	9.384701659840087E-5	1	0.9999061529834017
	0	0.9955267070292294	1	0.004473292970770592
	0	0.9974808599380045	1	0.0025191400619954986
	0	3.9360844755713837E-4	1	0.9996063915524429
	0	0.05507770476491445	1	0.9449222952350856
	0	0.019372293005335713	1	0.9806277069946643
	0	0.054357826766100875	1	0.9456421732338991
	0	0.991556053557193	1	0.00844394644280706
	0	0.37581859597155265	1	0.6241814040284474
	0	0.42717593181399266	1	0.5728240681860073
	0	0.9938745933273543	1	0.006125406672645613
	0	0.9952655454005348	1	0.004734454599465199
	0	0.0010608831511581306	1	0.9989391168488418
	0	0.0874735751272027	1	0.9125264248727973
	0	0.942749796830459	1	0.05725020316954103
	0	0.07137132982659107	1	0.928628670173409
	0	0.0011071189700224018	1	0.9988928810299775
	0	0.9959642780730724	1	0.004035721926927544
	0	0.9945776485708702	1	0.005422351429129721
	0	0.003354653486789479	1	0.9966453465132106
	0	0.9903329552558681	1	0.009667044744131948
	0	8.269331647999312E-4	1	0.9991730668351999
	0	0.9981042272510975	1	0.0018957727489024132
	0	0.07156303056886648	1	0.9284369694311334
	0	0.9976890578358159	1	0.0023109421641840876
	0	0.004270372088204181	1	0.9957296279117958
	0	0.008123104799383772	1	0.9918768952006163
	0	0.027600538063490734	1	0.9723994619365093
	0	0.02503072639741267	1	0.9749692736025873
	0	0.9983058553821157	1	0.0016941446178843746
	0	0.8626046041065645	1	0.13739539589343552
	0	0.09937421022817203	1	0.900625789771828
	0	0.07599656677048842	1	0.9240034332295115
	0	0.9999552538990452	1	4.4746100954838756E-5
	0	0.03408544987077062	1	0.9659145501292293
	0	0.041680781850947334	1	0.9583192181490526
	0	0.9521281975766216	1	0.04787180242337842
	0	0.999942919160314	1	5.708083968596175E-5
	0	0.9992638273620684	1	7.36172637931431E-4
	0	0.9902868310468518	1	0.00971316895314814
	0	0.6971212221663642	1	0.30287877783363587
	0	0.013883003949099831	1	0.9861169960509002
	0	0.016490384559189847	1	0.9835096154408102
	0	0.015880430558664563	1	0.9841195694413354
	0	0.998814248345302	1	0.0011857516546980285
	0	0.992020857740478	1	0.007979142259522025
	0	0.005936189153324877	1	0.9940638108466751
	0	0.9766883235018692	1	0.023311676498130825
	0	0.15013481887792024	1	0.8498651811220796
	0	0.9801782548633721	1	0.019821745136628034
	0	0.9992929985392921	1	7.07001460707892E-4
	0	0.9975279555464592	1	0.002472044453540786
	0	0.9818662301886684	1	0.018133769811331534
	0	0.8272770398085146	1	0.17272296019148534
	0	0.011041885230713531	1	0.9889581147692865
	0	0.9997780315595917	1	2.2196844040826618E-4
	0	0.9995113788773966	1	4.88621122603334E-4
	0	0.9943678077610082	1	0.0056321922389917095
	0	0.9975665290893462	1	0.0024334709106538935
	0	0.9997039064190981	1	2.960935809017482E-4
	0	0.9995450704374511	1	4.549295625489713E-4
	0	0.9847010901580022	1	0.015298909841997686
	0	0.9990247706483838	1	9.752293516161029E-4
	0	0.9995332316790484	1	4.667683209516813E-4
	0	0.999095380403069	1	9.046195969310913E-4
	0	0.9998539071197902	1	1.460928802099511E-4
	0	5.0066545047887206E-5	1	0.9999499334549521
	0	0.30593599683186345	1	0.6940640031681364
	0	0.9591920895308985	1	0.040807910469101386
	0	0.21214126939239553	1	0.7878587306076045
	0	9.274359404701978E-4	1	0.9990725640595299
	0	0.9998857956150934	1	1.1420438490663504E-4
	0	0.9940069905724876	1	0.005993009427512306
	0	0.9999301221283178	1	6.987787168213013E-5
	0	0.9994244790516497	1	5.755209483503597E-4
	0	0.018283429511753567	1	0.9817165704882465
	0	0.9991087891667824	1	8.912108332176662E-4
	0	0.9549146013883386	1	0.045085398611661325
	0	0.9998782966385691	1	1.2170336143088421E-4
	0	4.8070983532299636E-5	1	0.9999519290164678
	0	0.018283429511753567	1	0.9817165704882465
	0	0.9998602921939298	1	1.3970780607023647E-4
	0	0.0011071189700224018	1	0.9988928810299775
	0	0.9953565570050021	1	0.004643442994997884
	0	0.9987784497164895	1	0.0012215502835105302
	0	0.9893187727605943	1	0.010681227239405613
	0	0.9972585648976336	1	0.002741435102366336
	0	0.7452853383607966	1	0.2547146616392033
	0	8.31275888512657E-5	1	0.9999168724111488
	0	0.028904129017698517	1	0.9710958709823014
	0	0.9996361813783454	1	3.6381862165458146E-4
	0	0.021422236324774052	1	0.9785777636752261
	0	0.9996639233517798	1	3.360766482203214E-4
	0	0.8968858386004799	1	0.10311416139952008
	0	0.9989325464921907	1	0.0010674535078094214
	0	0.9927682254565182	1	0.007231774543481886
	0	0.9992187158110978	1	7.812841889021315E-4
	0	0.9997970266799548	1	2.029733200451127E-4
	0	0.999770298701174	1	2.2970129882604262E-4
	0	0.9084145560953463	1	0.09158544390465358
	0	0.933166521066069	1	0.06683347893393089
	0	0.40841706744734146	1	0.5915829325526585
	0	0.9999310750203747	1	6.892497962523807E-5
	0	0.999947935699895	1	5.206430010501112E-5
	0	0.9832748019815384	1	0.016725198018461566
	0	8.392646234049557E-5	1	0.9999160735376595
	0	0.9999785397843164	1	2.1460215683613213E-5
	0	0.045707114201157986	1	0.9542928857988421
	0	0.9976722453547056	1	0.002327754645294456
	0	9.274359404701978E-4	1	0.9990725640595299
	0	0.9999152962173208	1	8.470378267918534E-5
	0	0.25322632626207464	1	0.7467736737379254
	0	0.9997833126070238	1	2.1668739297613196E-4
	0	0.9980725832406607	1	0.0019274167593393524
	0	0.999621408577952	1	3.7859142204812844E-4
	0	0.9997059672572526	1	2.9403274274743767E-4
	0	0.004494620589011785	1	0.9955053794109882
	0	0.9994240115885854	1	5.759884114146189E-4
	0	0.999684323560405	1	3.156764395950177E-4
	0	0.9997197935624274	1	2.802064375726561E-4
	0	0.9992105228623374	1	7.894771376625786E-4
	0	0.9996372551935664	1	3.627448064335152E-4
	0	0.14430481190333386	1	0.8556951880966661
	0	0.9998427762458466	1	1.5722375415343662E-4
	0	0.9999105550958746	1	8.944490412547843E-5
	0	0.9518813004277804	1	0.048118699572219564
	0	0.9518813004277804	1	0.048118699572219564
	0	0.9992027304213001	1	7.972695786998704E-4
	0	0.9977055889647538	1	0.002294411035246239
	0	0.975515738793423	1	0.024484261206576898
	0	0.9988264616913716	1	0.0011735383086283475
	0	0.99917965126003	1	8.203487399698536E-4
	0	0.002792384951680003	1	0.99720761504832
	0	0.998714544799938	1	0.0012854552000619204
	0	0.9769021859040865	1	0.023097814095913476
	0	0.010170025253850842	1	0.9898299747461492
	0	0.9933210339059805	1	0.006678966094019625
	0	0.9999479537621857	1	5.204623781431224E-5
	0	0.9911853346741165	1	0.008814665325883457
	0	0.9993450424675702	1	6.549575324298673E-4
	0	0.9979465125894442	1	0.0020534874105557935
	0	0.9998819832386072	1	1.1801676139277949E-4
	0	0.9370932571921036	1	0.06290674280789642
	0	0.9944350798597741	1	0.0055649201402258805
	0	0.9999425748682715	1	5.742513172842142E-5
	0	0.9998738288847143	1	1.261711152856937E-4
	0	0.7452853724399651	1	0.2547146275600348
	0	0.9966539042138848	1	0.003346095786115357
	0	0.07527847231782418	1	0.9247215276821759
	0	0.8978309731144757	1	0.10216902688552422
	0	0.999913365574675	1	8.66344253250315E-5
	0	0.9872548792256159	1	0.01274512077438421
	0	1.1620107386490353E-5	1	0.9999883798926135
	0	0.0029054398978091115	1	0.9970945601021909
	0	0.02638910387212913	1	0.9736108961278709
	0	0.9975935015346592	1	0.0024064984653407603
	0	0.9986673661829751	1	0.001332633817024832
	0	0.9993251695165799	1	6.748304834201098E-4
	0	0.9999443056653662	1	5.5694334633708946E-5
	0	0.9998942560597144	1	1.0574394028570037E-4
	0	0.9996644941041323	1	3.3550589586775476E-4
	0	7.371567689545401E-4	1	0.9992628432310454
	0	0.13141899132614365	1	0.8685810086738565
	0	0.00205560480863413	1	0.9979443951913658
	0	0.9990795067917654	1	9.204932082346637E-4
	0	0.9994794080405041	1	5.205919594959001E-4
	0	0.9997171118987519	1	2.8288810124804485E-4
	0	0.13706957356975039	1	0.8629304264302495
	0	0.9993653263981201	1	6.346736018798276E-4
	0	0.06854092393384013	1	0.9314590760661599
	0	0.0061715337917880786	1	0.9938284662082119
	0	0.9958364853913385	1	0.004163514608661463
	0	0.9871552853000188	1	0.01284471469998113
	0	3.8197278237569446E-5	1	0.9999618027217624
	0	0.9995948907767709	1	4.0510922322924565E-4
	0	0.9995391727557664	1	4.608272442335161E-4
	0	0.1503093400613147	1	0.8496906599386853
	0	0.9752811763074833	1	0.02471882369251665
	0	0.001011646719453727	1	0.9989883532805462
	0	0.998531148976519	1	0.0014688510234809266
	0	0.9994467791789762	1	5.532208210237874E-4
	0	0.4563983095743336	1	0.5436016904256664
	0	0.9836771344713402	1	0.016322865528659698
	0	0.9993505696497039	1	6.494303502960663E-4
	0	0.3030296406655774	1	0.6969703593344225
	0	0.9827716045280093	1	0.017228395471990624
	0	0.3303415072756944	1	0.6696584927243057
	0	1.3829491833919053E-5	1	0.9999861705081661
	0	0.9753696610639823	1	0.024630338936017755
	0	0.966326422799929	1	0.033673577200070984
	0	0.9998774243856169	1	1.2257561438321838E-4
	0	0.9858175961353456	1	0.01418240386465446
	0	0.9724280311478408	1	0.02757196885215909
	0	0.43395793666659344	1	0.5660420633334066
	0	0.9998356890164589	1	1.643109835411551E-4
	0	0.0852464787611525	1	0.9147535212388473
	0	6.028775561730165E-4	1	0.9993971224438271
	0	0.9832229044776838	1	0.016777095522316172
	0	0.9987460128808621	1	0.0012539871191378895
	0	0.9992775590361502	1	7.224409638497067E-4
	0	0.015880430558664563	1	0.9841195694413354
	0	0.6307892565332548	1	0.36921074346674515
	0	0.9998096723462889	1	1.9032765371120218E-4
	0	0.9947922564477224	1	0.005207743552277636
	0	0.004465658093212445	1	0.9955343419067876
	0	0.995218403349547	1	0.004781596650452978
	0	0.9996847782780294	1	3.152217219706463E-4
	0	0.9984036309565293	1	0.0015963690434707013
	0	0.9982696592296201	1	0.0017303407703798664
	0	0.9854375379456032	1	0.014562462054396772
	0	0.008243664005109834	1	0.9917563359948901
	0	0.014703727166789892	1	0.9852962728332101
	0	0.06838333161925189	1	0.9316166683807482
	0	0.018283429511753567	1	0.9817165704882465
	0	0.08095589113753107	1	0.9190441088624689
	0	0.05184920540436148	1	0.9481507945956384
	0	0.22607002220763334	1	0.7739299777923666
	0	0.9858554549490273	1	0.01414454505097274
	0	0.3446053316526711	1	0.655394668347329
	0	0.006018008485871378	1	0.9939819915141285
	0	0.8426407678152489	1	0.15735923218475117
	0	0.9956506913417968	1	0.00434930865820313
	0	0.9984000288460139	1	0.0015999711539861755
	0	0.9994975745898635	1	5.024254101364796E-4
	0	0.25640706397121354	1	0.7435929360287865
	0	0.9992919144075275	1	7.080855924724018E-4
	0	0.0014119535774548453	1	0.9985880464225452
	0	0.9989313082074648	1	0.0010686917925353217
	0	0.9904876887997413	1	0.00951231120025868
	0	0.07443434025852108	1	0.9255656597414789
	0	0.9956810361428061	1	0.004318963857193928
	0	0.9985017122873275	1	0.001498287712672553
	0	0.6099218078558902	1	0.3900781921441097
	0	0.022843175694882773	1	0.9771568243051172
	0	0.999845974581088	1	1.5402541891195308E-4
	0	0.035725940076233254	1	0.9642740599237668
	0	0.9988738252235672	1	0.001126174776432811
	0	0.0015688981009320858	1	0.9984311018990679
	0	0.9839834640406726	1	0.0160165359593275
	0	0.998746645881185	1	0.0012533541188149545
	0	0.9995309958037709	1	4.690041962290375E-4
	0	0.039949422978698634	1	0.9600505770213014
	0	0.02227912884136856	1	0.9777208711586314
	0	0.02372724281722641	1	0.9762727571827736
	0	0.9999440170388979	1	5.598296110205491E-5
	0	0.9937582548203207	1	0.006241745179679249
	0	0.999609264130665	1	3.9073586933507205E-4
	0	0.9996924956821384	1	3.0750431786166744E-4
	0	0.998639016607666	1	0.0013609833923339165
	0	0.9927706940387452	1	0.007229305961254778
	0	0.9992166491818767	1	7.833508181232224E-4
	0	0.9996975010888204	1	3.0249891117968374E-4
	0	0.999715954103579	1	2.8404589642089636E-4
	0	0.9996952181475943	1	3.047818524056831E-4
	0	0.9987549907364549	1	0.0012450092635450012
	0	0.9898202806684413	1	0.010179719331558798
	0	0.05940438560563011	1	0.9405956143943699
	0	0.9994303245715463	1	5.696754284535894E-4
	0	0.011809689621115478	1	0.9881903103788845
	0	0.997588233602089	1	0.0024117663979109616
	0	2.6148268736880153E-4	1	0.9997385173126313
	0	0.004851561792644176	1	0.9951484382073558
	0	0.9965915686671067	1	0.0034084313328931917
	0	0.998930498274803	1	0.0010695017251969936
	0	0.9997525492452572	1	2.4745075474272494E-4
	0	0.9996856452471672	1	3.143547528329424E-4
	0	0.999310197758721	1	6.898022412789558E-4
	0	0.9995404670387852	1	4.5953296121469293E-4
	0	0.9981935246678187	1	0.0018064753321812561
	0	0.9994117967786018	1	5.882032213981914E-4
	0	0.9994344896262549	1	5.655103737451806E-4
	0	0.999774571027476	1	2.2542897252393447E-4
	0	0.9994247487721845	1	5.752512278156192E-4
	0	0.9997862184301664	1	2.1378156983358786E-4
	0	0.9952897445749119	1	0.004710255425088034
	0	0.9997887176415085	1	2.112823584915387E-4
	0	0.9997921115658525	1	2.0788843414756188E-4
	0	0.996994446118503	1	0.0030055538814970813
	0	0.994957435218022	1	0.005042564781978041
	0	0.9998832582506586	1	1.1674174934148705E-4
	0	0.9999329120851231	1	6.70879148768596E-5
	0	0.9998338506389773	1	1.6614936102262207E-4
	0	0.9998722453046223	1	1.277546953778191E-4
	0	0.9994582678860116	1	5.417321139884723E-4
	0	0.9993838803573077	1	6.16119642692319E-4
	0	0.9998099496027035	1	1.9005039729652428E-4
	0	4.6944153859131095E-4	1	0.9995305584614087
	0	0.018409222881866878	1	0.981590777118133
	0	0.9979771973283238	1	0.0020228026716762404
	0	7.847617439881234E-4	1	0.9992152382560119
	0	0.9989520236758431	1	0.0010479763241569564
	0	0.9998034358956689	1	1.9656410433121485E-4
	0	0.9999590395228584	1	4.0960477141763146E-5
	0	0.9997331159035999	1	2.66884096399971E-4
	0	0.999556288965149	1	4.437110348508718E-4
	0	0.9998198023016489	1	1.8019769835110123E-4
	0	0.9975780578057931	1	0.002421942194206948
	0	0.993878012464083	1	0.006121987535916975
	0	0.9995252307866224	1	4.7476921337750424E-4
	0	0.9982064714894907	1	0.0017935285105091703
	0	0.9998832865530672	1	1.1671344693282306E-4
	0	0.9988306059298712	1	0.0011693940701287173
	0	0.9969923665890269	1	0.0030076334109730408
	0	0.9998679293686198	1	1.3207063138005848E-4
	0	0.9996951385101649	1	3.0486148983518724E-4
	0	0.9955755062259928	1	0.0044244937740073416
	0	0.8222975081299095	1	0.1777024918700904
	0	0.999264627122961	1	7.353728770389719E-4
	0	0.9998467574360682	1	1.5324256393165576E-4
	0	0.993286483457886	1	0.00671351654211397
	0	0.2610929935833687	1	0.7389070064166312
	0	0.9995713425832351	1	4.2865741676496383E-4
	0	0.9985192634789407	1	0.0014807365210593195
	0	0.9995704806061815	1	4.2951939381844303E-4
	0	0.9986135055086142	1	0.0013864944913859142
	0	0.019020013664023266	1	0.9809799863359767
	0	0.9713226699143602	1	0.02867733008563985
	0	0.999404914556288	1	5.950854437119739E-4
	0	0.0054442293029236585	1	0.9945557706970763
	0	0.9999166857855422	1	8.331421445777301E-5
	0	0.9997035038058754	1	2.964961941247017E-4
	0	0.9994985060279395	1	5.014939720604251E-4
	0	0.005391598001019699	1	0.9946084019989803
	0	0.9997447258925949	1	2.5527410740515746E-4
	0	0.99895988990916	1	0.0010401100908401446
	0	0.981612923230633	1	0.018387076769366927
	0	0.999781953248037	1	2.1804675196309542E-4
	0	4.401904670326888E-4	1	0.9995598095329672
	0	5.255758022039872E-4	1	0.9994744241977961
	0	0.9975529155338135	1	0.0024470844661865086
	0	0.9990843631238041	1	9.156368761959085E-4
	0	0.9995526918181674	1	4.4730818183256435E-4
	0	0.9999524960082132	1	4.7503991786750344E-5
	0	0.996737206210143	1	0.003262793789857035
	0	0.02278761519144735	1	0.9772123848085528
	0	0.9985250687340731	1	0.001474931265926877
	0	0.0011977234866085717	1	0.9988022765133915
	0	0.9997458180280253	1	2.5418197197468983E-4
	0	0.660079060768507	1	0.339920939231493
	0	0.9993673298683633	1	6.326701316366788E-4
	0	0.0014599007895714825	1	0.9985400992104285
	0	0.9998549421536175	1	1.4505784638254955E-4
	0	0.9905605298350476	1	0.009439470164952404
	0	0.9986203235417567	1	0.0013796764582433248
	0	0.9899258243608086	1	0.010074175639191496
	0	0.9991365728646017	1	8.634271353984575E-4
	0	0.9994073815829906	1	5.926184170092674E-4
	0	0.9995064768136732	1	4.935231863267439E-4
	0	0.9991308104188383	1	8.691895811616906E-4
	0	0.9972062851978764	1	0.0027937148021237993
	0	0.9995022068000736	1	4.977931999264379E-4
	0	0.999892843767003	1	1.0715623299700525E-4
	0	0.007848047202428385	1	0.9921519527975716
	0	0.9951843486636269	1	0.004815651336373046
	0	0.9869858654709384	1	0.013014134529061779
	0	0.9966702705002399	1	0.00332972949976017
	0	0.9962331155770509	1	0.003766884422949209
	0	0.9994004700056053	1	5.995299943946129E-4
	0	0.9986708405751469	1	0.0013291594248531706
	0	0.1307688230494173	1	0.8692311769505826
	0	0.9995751886269848	1	4.2481137301534174E-4
	0	0.9165818044562544	1	0.08341819554374559
	0	0.9999833120727321	1	1.6687927267932253E-5
	0	0.9991154431837921	1	8.845568162079164E-4
	0	0.9998544582104135	1	1.455417895865091E-4
	0	0.00299826698265052	1	0.9970017330173495
	0	0.9996688268575751	1	3.3117314242498623E-4
	0	6.260529108939501E-4	1	0.9993739470891061
	0	0.012398087055210593	1	0.9876019129447895
	0	0.9979012275010087	1	0.0020987724989913747
	0	0.9985898103639756	1	0.0014101896360243916
	0	0.9977486861031192	1	0.0022513138968808166
	0	0.4734422350317177	1	0.5265577649682823
	0	1.1828423519032156E-4	1	0.9998817157648098
	0	0.9995245456374693	1	4.754543625307422E-4
	0	0.9988402380647645	1	0.0011597619352354638
	0	0.12486675705230235	1	0.8751332429476977
	0	0.03094199031064728	1	0.9690580096893529
	0	0.9970648176099747	1	0.0029351823900254457
	0	0.9962421692225917	1	0.0037578307774083107
	0	0.9860577149174372	1	0.013942285082562761
	0	0.005327574977927587	1	0.9946724250220724
	0	0.001725349340796002	1	0.998274650659204
	0	0.05523829675856552	1	0.9447617032414345
	0	0.9933238656127585	1	0.006676134387241503
	0	0.9997041250138802	1	2.958749861199211E-4
	0	0.9998072645309213	1	1.9273546907882041E-4
	0	0.4434286841184106	1	0.5565713158815894
	0	0.9879964996642029	1	0.012003500335797057
	0	8.490077222059841E-5	1	0.9999150992277794
	0	0.9969635094902825	1	0.0030364905097175453
	0	0.9923596960975467	1	0.007640303902453346
	0	0.973583240401799	1	0.026416759598201053
	0	0.9720562743678531	1	0.027943725632146827
	0	0.9997984160804466	1	2.0158391955335734E-4
	0	0.998754194181588	1	0.0012458058184120905
	0	4.3208518620344224E-5	1	0.9999567914813796
	0	0.9995006776015227	1	4.993223984772386E-4
	0	0.9974894473383978	1	0.0025105526616021057
	0	0.025571727384758925	1	0.974428272615241
	0	0.9966227953571214	1	0.003377204642878616
	0	0.9316490321687894	1	0.06835096783121053
	0	0.9997696946001511	1	2.3030539984886632E-4
	0	0.9998068148323268	1	1.9318516767326377E-4
	0	0.017592521406269577	1	0.9824074785937303
	0	0.9982947563470824	1	0.0017052436529174672
	0	0.9995368877954924	1	4.6311220450752594E-4
	0	0.9997385967153567	1	2.614032846433637E-4
	0	0.9997257806739233	1	2.7421932607678653E-4
	0	0.9946754528960081	1	0.005324547103991789
	0	0.99577736019032	1	0.004222639809679978
	0	0.9967214926442086	1	0.003278507355791258
	0	0.9995046222057129	1	4.953777942869807E-4
	0	0.39348032086866946	1	0.6065196791313305
	0	0.999609264130665	1	3.9073586933507205E-4
	0	0.13300549563698463	1	0.8669945043630154
	0	0.9729490878769759	1	0.0270509121230242
	0	0.9982437961851777	1	0.0017562038148222477
	0	0.9994892702042549	1	5.107297957451186E-4
	0	0.05114157688483226	1	0.9488584231151677
	0	0.023655889554474417	1	0.9763441104455256
	0	0.9998614364904099	1	1.3856350959009584E-4
	0	0.997719618143081	1	0.0022803818569190493
	0	0.9930451579765017	1	0.006954842023498268
	0	0.9971894147872404	1	0.0028105852127595873
	0	0.9902748771788473	1	0.009725122821152694
	0	0.9959513693444209	1	0.004048630655579146
	0	0.992873892322798	1	0.007126107677202061
	0	0.999595388364834	1	4.0461163516593583E-4
	0	0.013919705580351554	1	0.9860802944196485
	0	0.5679689452517166	1	0.4320310547482834
	0	0.21800444200224037	1	0.7819955579977595
	0	0.9867347811440441	1	0.013265218855955973
	0	7.773229183405335E-5	1	0.9999222677081661
	0	0.009659045640748333	1	0.9903409543592516
	0	0.9976490922477379	1	0.0023509077522621533
	0	0.9948045755871828	1	0.005195424412817304
	0	0.9998612751664685	1	1.3872483353141496E-4
	0	0.3331636809434054	1	0.6668363190565946
	0	0.18400227212863174	1	0.8159977278713684
	0	0.0010484194335247164	1	0.9989515805664754
	0	0.7622457118500161	1	0.2377542881499839
	0	0.9577382658555961	1	0.04226173414440386
	0	0.99981918254503	1	1.808174549700331E-4
	0	0.9231479007603205	1	0.0768520992396794
	0	0.9996572420589178	1	3.4275794108218685E-4
	0	0.8670837120144237	1	0.13291628798557628
	0	0.9991033866049587	1	8.966133950412575E-4
	0	0.9973056936818183	1	0.002694306318181758
	0	0.9779660225473593	1	0.022033977452640647
	0	0.8257357088604034	1	0.17426429113959668
	0	0.9959289826428704	1	0.004071017357129471
	0	0.9779558461428313	1	0.022044153857168725
	0	0.8271087335876304	1	0.17289126641236954
	0	0.9998631961910742	1	1.3680380892590102E-4
	0	0.0170220448578716	1	0.9829779551421285
	0	0.9318358722528205	1	0.06816412774717964
	0	0.9920318302923504	1	0.007968169707649528
	0	0.9844788252199156	1	0.015521174780084298
	0	0.01574659972061617	1	0.9842534002793839
	0	0.9947172050701459	1	0.005282794929853963
	0	0.0050597806123012165	1	0.9949402193876987
	0	0.05184920540436148	1	0.9481507945956384
	0	0.9903980688551537	1	0.009601931144846226
	0	0.9996683563534727	1	3.3164364652732805E-4
	0	0.9973506539328773	1	0.0026493460671228614
	0	0.9983458486606456	1	0.0016541513393544531
	0	0.9776126492470818	1	0.02238735075291827
	0	0.08755064002918536	1	0.9124493599708147
	0	0.9959547579396691	1	0.004045242060330853
	0	0.9969585771799133	1	0.0030414228200867283
	0	0.9987018195682199	1	0.0012981804317799453
	0	0.9552016149836497	1	0.04479838501635033
	0	0.16806565575750196	1	0.8319343442424981
	0	0.9998608354254178	1	1.3916457458222007E-4
	0	0.99990870429862	1	9.129570137983762E-5
	0	0.9998677233089194	1	1.3227669108071982E-4
	0	0.9984403726106773	1	0.001559627389322704
	0	0.9984962090891252	1	0.0015037909108747479
	0	0.999981756016905	1	1.8243983094906793E-5
	0	0.00704061909147254	1	0.9929593809085274
	0	0.9671811658365688	1	0.0328188341634313
	0	0.020530505032679634	1	0.9794694949673203
	0	0.9996067915755595	1	3.93208424440442E-4
	0	0.9853311048030087	1	0.014668895196991381
	0	0.953066101091623	1	0.046933898908376855
	0	0.9996258599534394	1	3.741400465606118E-4
	0	0.07097812390695465	1	0.9290218760930452
	0	0.9996676119651353	1	3.3238803486458797E-4
	0	0.008515304657133137	1	0.9914846953428669
	0	0.9982092321093078	1	0.0017907678906921589
	0	0.9997572606804848	1	2.4273931951525403E-4
	0	0.9975941509427921	1	0.002405849057207852
	0	0.9929522000167479	1	0.007047799983252196
	0	0.042195952000670445	1	0.9578040479993296
	0	0.9956155832538295	1	0.00438441674617057
	0	0.07445987590473095	1	0.9255401240952691
	0	0.9992440567744199	1	7.55943225580144E-4
	0	0.5735768185454901	1	0.4264231814545098
	0	0.9996453235071276	1	3.546764928723236E-4
	0	0.09523790772752722	1	0.9047620922724728
	0	0.9984786932058655	1	0.0015213067941344726
	0	0.0037546898495781963	1	0.9962453101504218
	0	0.008734860742812886	1	0.9912651392571871
	0	0.02458059228984592	1	0.975419407710154
	0	0.02149546335724512	1	0.9785045366427548
	0	0.006590955342731324	1	0.9934090446572686
	0	0.007105509996620197	1	0.9928944900033797
	0	0.01727624212122954	1	0.9827237578787705
	0	0.008500324725333097	1	0.991499675274667
	0	0.9995670306420911	1	4.329693579088698E-4
	0	0.0014128884112967455	1	0.9985871115887034
	0	0.9997727334544213	1	2.2726654557869176E-4
	0	0.9921947433689714	1	0.007805256631028505
	0	0.9999422716129832	1	5.772838701681308E-5
	0	0.9998897986202085	1	1.1020137979143491E-4
	0	0.9978617477854649	1	0.002138252214535073
	0	0.9993654910659512	1	6.345089340487959E-4
	0	0.9931781684382107	1	0.00682183156178936
	0	0.03557183776210186	1	0.9644281622378983
	0	0.984541568878987	1	0.015458431121013068
	0	0.99984962171633	1	1.5037828367013277E-4
	0	0.9998466504466249	1	1.5334955337504452E-4
	0	0.9991298997908489	1	8.701002091512184E-4
	0	0.9766599498275138	1	0.02334005017248627
	0	0.9987978819930009	1	0.0012021180069991622
	0	0.9998215953526262	1	1.7840464737381792E-4
	0	0.9993385887539323	1	6.614112460675677E-4
	0	0.9998369835637095	1	1.6301643629034298E-4
	0	0.9998973696223513	1	1.0263037764876093E-4
	0	0.994365546454212	1	0.005634453545788048
	0	0.9453170043002372	1	0.05468299569976271
	0	0.9984572695055184	1	0.0015427304944816333
	0	0.9996287777771673	1	3.712222228327297E-4
	0	0.9978184025234411	1	0.0021815974765588522
	0	0.9999075118040434	1	9.24881959566261E-5
	0	0.9988099540072145	1	0.0011900459927855968
	0	0.9998169468880446	1	1.8305311195549823E-4
	0	0.9981367577598534	1	0.0018632422401465576
	0	0.9996376803021949	1	3.6231969780514624E-4
	0	0.9455128154347933	1	0.05448718456520666
	0	0.9981559275751464	1	0.001844072424853594
	0	0.9995970721277031	1	4.0292787229674837E-4
	0	0.9847693570198748	1	0.015230642980125138
	0	0.999703012421315	1	2.9698757868494265E-4
	0	0.9510843129618599	1	0.048915687038140046
	0	0.9977142398606966	1	0.0022857601393032802
	0	0.9993972819899827	1	6.027180100174203E-4
	0	0.9993699196807684	1	6.300803192316394E-4
	0	0.9992819680125061	1	7.180319874938173E-4
	0	0.9984532295703672	1	0.0015467704296326715
	0	0.999982652680924	1	1.7347319076114304E-5
	0	0.39918285291346406	1	0.6008171470865359
	0	0.9980091335130215	1	0.0019908664869784723
	0	0.9977021115520776	1	0.0022978884479225655
	0	0.9983335929448744	1	0.0016664070551255133
	0	0.9998791908263539	1	1.2080917364606292E-4
	0	0.020478727145661936	1	0.979521272854338
	0	0.020577795453395498	1	0.9794222045466044
	0	0.02141308518129261	1	0.9785869148187074
	0	0.9971887409438529	1	0.0028112590561470653
	0	0.9993321584073159	1	6.678415926841143E-4
	0	0.9978748588058973	1	0.002125141194102776
	0	0.9982873415682108	1	0.0017126584317891838
	0	0.9954176930128087	1	0.004582306987191325
	0	0.9994297790759435	1	5.702209240563698E-4
	0	0.9999131796635424	1	8.6820336457569E-5
	0	0.9997329594682314	1	2.670405317684747E-4
	0	0.9996935910090154	1	3.0640899098461965E-4
	0	0.9425816280414151	1	0.05741837195858491
	0	0.9993562880054156	1	6.437119945842841E-4
	0	0.9993450424675702	1	6.549575324298673E-4
	0	0.999493353080359	1	5.066469196409958E-4
	0	0.9994543108950652	1	5.456891049348332E-4
	0	0.00797880644604641	1	0.9920211935539536
	0	0.9862546386028415	1	0.013745361397158493
	0	0.9996988501356754	1	3.011498643246438E-4
	0	0.9723605209660211	1	0.027639479033978853
	0	0.7442400569270056	1	0.2557599430729944
	0	0.9994153399877332	1	5.846600122668058E-4
	0	0.9998806458497281	1	1.1935415027173101E-4
	0	0.9998975371294055	1	1.0246287059449944E-4
	0	0.9999141181536407	1	8.588184635927056E-5
	0	0.9990123564597103	1	9.876435402897355E-4
	0	0.48261539068374965	1	0.5173846093162504
	0	0.9865828554235255	1	0.013417144576474416
	0	0.9981305884539443	1	0.0018694115460556457
	0	0.9995934284328646	1	4.0657156713536427E-4
	0	0.3469852246654436	1	0.6530147753345563
	0	0.9995313314292201	1	4.686685707797985E-4
	0	0.9073124322040521	1	0.09268756779594778
	0	0.990831485712056	1	0.009168514287943857
	0	0.10814369978347357	1	0.8918563002165265
	0	0.10017969005035866	1	0.8998203099496415
	0	0.9990563474714599	1	9.436525285400304E-4
	0	0.9948318788044909	1	0.005168121195509032
	0	0.31651185852092356	1	0.6834881414790763
	0	0.9986901530922276	1	0.0013098469077724455
	0	0.9998700044305494	1	1.2999556945066416E-4
	0	0.9992929985392921	1	7.07001460707892E-4
	0	0.9993353927640315	1	6.646072359684025E-4
	0	0.20573225715069554	1	0.7942677428493045
	0	0.9757825698311255	1	0.02421743016887433
	0	0.8848922413989231	1	0.11510775860107689
	0	0.0025035824062806995	1	0.9974964175937193
	0	0.6880768242200652	1	0.3119231757799348
	0	0.011809689621115478	1	0.9881903103788845
	0	0.02590895330116623	1	0.9740910466988338
	0	0.34065847928450244	1	0.6593415207154976
	0	0.25128050816118574	1	0.7487194918388144
	0	0.2116784357340531	1	0.7883215642659469
	0	0.05831663675064415	1	0.9416833632493559
	0	0.993813990600452	1	0.006186009399547972
	0	0.9900310277036196	1	0.00996897229638039
	0	0.5244910715715038	1	0.47550892842849624
	0	0.9562853152030748	1	0.043714684796925245
	0	0.6851954925950264	1	0.3148045074049736
	0	0.9970517113828811	1	0.0029482886171190116
	0	0.9958308161734895	1	0.004169183826510519
	0	0.9986567704556457	1	0.0013432295443543266
	0	0.9979994028108401	1	0.0020005971891598274
	0	0.9964867251039816	1	0.0035132748960183917
	0	0.011809689621115478	1	0.9881903103788845
	0	0.9994104764580615	1	5.895235419385881E-4
	0	0.9907178974093254	1	0.009282102590674591
	0	0.5075470098110753	1	0.49245299018892486
	0	0.23293943321641594	1	0.7670605667835841
	0	0.6704218697167114	1	0.32957813028328864
	0	0.008943352650925822	1	0.9910566473490743
	0	0.9972332230783736	1	0.002766776921626334
	0	0.9973187825711054	1	0.002681217428894565
	0	0.2043851347176439	1	0.7956148652823561
	0	0.9065901649880185	1	0.09340983501198143
	0	0.3436496076584322	1	0.6563503923415678
	0	0.06337436568660415	1	0.9366256343133958
	0	0.9995363594209026	1	4.6364057909748137E-4
	0	0.002946556548743352	1	0.9970534434512567
	0	0.016692419765497724	1	0.9833075802345024
	0	0.12606530602025318	1	0.8739346939797469
	0	0.9943773833884685	1	0.005622616611531569
	0	0.9986535578589749	1	0.0013464421410250504
	0	0.9443496802466449	1	0.05565031975335523
	0	0.9937296157266334	1	0.006270384273366569
	0	0.998587838230942	1	0.0014121617690580745
	0	0.9968628138088004	1	0.0031371861911995407
	0	0.998348666258506	1	0.0016513337414939826
	0	0.9946556245258474	1	0.005344375474152686
	0	0.9992978051116025	1	7.021948883975867E-4
	0	0.9956448920892516	1	0.004355107910748535
	0	0.9972442338352047	1	0.002755766164795298
	0	0.04071380329695359	1	0.9592861967030464
	0	0.9998519556194553	1	1.4804438054486592E-4
	0	0.9962290404902482	1	0.0037709595097518635
	0	0.9994640911694472	1	5.359088305528483E-4
	0	0.8688580375484278	1	0.1311419624515721
	0	0.9989144897669655	1	0.001085510233034443
	0	0.9993830335204097	1	6.169664795903801E-4
	0	0.08688235128764818	1	0.9131176487123518
	0	0.913905303746156	1	0.08609469625384406
	0	0.9882791283972959	1	0.011720871602704049
	0	0.999811775767344	1	1.8822423265584993E-4
	0	0.9999839124297241	1	1.608757027603587E-5
	0	0.9995560644267236	1	4.439355732763448E-4
	0	0.9977840468569212	1	0.002215953143078776
	0	4.546989159526237E-5	1	0.9999545301084048
	0	0.9048144247630948	1	0.09518557523690525
	0	0.9998477691783748	1	1.5223082162506526E-4
	0	0.9103854487718348	1	0.0896145512281652
	0	0.9997971929157284	1	2.0280708427152688E-4
	0	0.03318324540710357	1	0.9668167545928964
	0	0.08375378623065403	1	0.9162462137693459
	0	0.09220349748232826	1	0.9077965025176717
	0	0.0041384096151846055	1	0.9958615903848154
	0	0.9934122153118471	1	0.006587784688152964
	0	0.5543884479025984	1	0.4456115520974015
	0	0.9928524845487253	1	0.00714751545127467
	0	0.9764745024393837	1	0.023525497560616154
	0	4.643782120675502E-5	1	0.9999535621787932
	0	0.9994554983689499	1	5.445016310499894E-4
	0	0.9925492721311834	1	0.0074507278688166634
	0	0.09555554494123553	1	0.9044444550587644
	0	0.98271581847311	1	0.01728418152689007
	0	0.9973187680802247	1	0.002681231919775398
	0	0.997410217365731	1	0.0025897826342689266
	0	0.9850037112774714	1	0.014996288722528511
	0	9.274359404701978E-4	1	0.9990725640595299
	0	0.01982005155351497	1	0.980179948446485
	0	0.23575253724447928	1	0.7642474627555207
	0	0.9957072168079664	1	0.004292783192033627
	0	0.9983404413241121	1	0.0016595586758879172
	0	8.134156104227352E-5	1	0.9999186584389578
	0	0.08432117332798485	1	0.9156788266720152
	0	0.9998247344405268	1	1.7526555947308927E-4
	0	0.9952887300306751	1	0.004711269969324921
	0	0.19242337794421316	1	0.8075766220557868
	0	0.0341841313888217	1	0.9658158686111782
	0	0.04633846846781119	1	0.9536615315321889
	0	0.9952426589834937	1	0.004757341016506327
	0	0.9956104942577048	1	0.004389505742295103
	0	0.9998980840615737	1	1.019159384262273E-4
	0	0.984122276169527	1	0.015877723830473
	0	0.997799566394686	1	0.002200433605313877
	0	0.9996036404729434	1	3.9635952705663124E-4
	0	0.003544809536016499	1	0.9964551904639836
	0	0.07734175659805391	1	0.9226582434019461
	0	0.23917357030412498	1	0.760826429695875
	0	0.9970247616742092	1	0.0029752383257907965
	0	0.9997928566785886	1	2.0714332141137803E-4
	0	0.002456604437521643	1	0.9975433955624783
	0	0.9998254656664606	1	1.7453433353939422E-4
	0	0.007869562048625918	1	0.992130437951374
	0	0.9734865460179656	1	0.026513453982034352
	0	0.9994077325572972	1	5.922674427027875E-4
	0	0.002946556548743352	1	0.9970534434512567
	0	0.9995062360416682	1	4.937639583317841E-4
	0	0.9932020096494416	1	0.006797990350558424
	0	0.0018709679840160124	1	0.998129032015984
	0	0.9994469979704019	1	5.530020295981197E-4
	0	0.9999341460450759	1	6.585395492415309E-5
	0	0.6417408744590698	1	0.3582591255409302
	0	0.18565962686182583	1	0.8143403731381742
	0	0.9998832956177243	1	1.1670438227571606E-4
	0	0.9997570411224888	1	2.4295887751122478E-4
	0	0.9999104540094302	1	8.954599056980546E-5
	0	0.04299739462652784	1	0.957002605373472
	0	0.9864260309041051	1	0.013573969095895037
	0	0.9998195760660976	1	1.8042393390234804E-4
	0	0.9993450424675702	1	6.549575324298673E-4
	0	0.9998663551519343	1	1.336448480655194E-4
	0	0.99987202847743	1	1.2797152257017555E-4
	0	0.9983431184513096	1	0.0016568815486903568
	0	0.9855304676386394	1	0.014469532361360624
	0	0.9740655204837515	1	0.02593447951624855
	0	0.9980677736022613	1	0.0019322263977385981
	0	0.9827754125187261	1	0.017224587481273767
	0	0.9825225709043466	1	0.017477429095653453
	0	0.007283362003205912	1	0.9927166379967941
	0	0.9939903776468768	1	0.006009622353123107
	0	0.9913486921994807	1	0.00865130780051935
	0	0.9964036538614045	1	0.0035963461385953906
	0	0.9959278212908639	1	0.004072178709136195
	0	0.9997259408130613	1	2.740591869387538E-4
	0	0.9994965571108911	1	5.034428891088193E-4
	0	0.9989047456473701	1	0.001095254352629984
	0	0.9944583116431017	1	0.005541688356898215
	0	0.9990028736914338	1	9.971263085662599E-4
	0	0.9979929934918425	1	0.0020070065081574883
	0	0.01982005155351497	1	0.980179948446485
	0	0.9938888076332884	1	0.006111192366711735
	0	0.9999695808601163	1	3.041913988358711E-5
	0	0.9978093244626836	1	0.0021906755373164903
	0	0.9938174302982733	1	0.0061825697017266245
	0	0.7213409630193425	1	0.2786590369806576
	0	0.9995810527274582	1	4.1894727254176934E-4
	0	0.9969733673392714	1	0.0030266326607284945
	0	0.9777418819479127	1	0.022258118052087328
	0	0.999716815941405	1	2.8318405859497866E-4
	0	0.9878853110995003	1	0.012114688900499705
	0	0.01808090103403354	1	0.9819190989659665
	0	8.632067357439799E-5	1	0.9999136793264256
	0	0.975021694839076	1	0.02497830516092406
	0	0.9991452486560789	1	8.547513439211851E-4
	0	0.9987492507074776	1	0.001250749292522469
	0	0.9982074966235153	1	0.0017925033764846351
	0	0.9989223644890345	1	0.0010776355109655411
	0	0.0016335890726501808	1	0.9983664109273499
	0	0.01982005155351497	1	0.980179948446485
	0	0.2714657296975378	1	0.7285342703024622
	0	0.9992634472476093	1	7.365527523907709E-4
	0	0.995698478840953	1	0.0043015211590470065
	0	0.9992996316885523	1	7.003683114477644E-4
	0	0.006337052921454024	1	0.9936629470785459
	0	0.9998014494002316	1	1.9855059976846336E-4
	0	0.9998523061326134	1	1.4769386738660754E-4
	0	0.9991190812373271	1	8.809187626728791E-4
	0	0.9990775608872796	1	9.224391127204685E-4
	0	0.9998548577315068	1	1.4514226849311735E-4
	0	0.9994810939644775	1	5.189060355226012E-4
	0	0.9998623237446669	1	1.3767625533303639E-4
	0	0.635532377287839	1	0.3644676227121611
	0	0.9959624958220719	1	0.004037504177928188
	0	0.9995087010375039	1	4.912989624961944E-4
	0	0.999040915402751	1	9.590845972490905E-4
	0	1.2608910539472647E-4	1	0.9998739108946053
	0	0.9998532773116193	1	1.4672268838076446E-4
	0	0.9977117291912381	1	0.0022882708087618767
	0	0.9987008303924525	1	0.0012991696075476224
	0	0.9981374995988052	1	0.0018625004011948193
	0	0.9994373909536313	1	5.626090463686927E-4
	0	0.9997870992428358	1	2.1290075716414377E-4
	0	0.9988267836721278	1	0.001173216327872189
	0	0.9998230740509685	1	1.7692594903145033E-4
	0	0.9500600675205325	1	0.049939932479467486
	0	0.9999692149986565	1	3.07850013435067E-5
	0	0.9994772026650011	1	5.227973349989491E-4
	0	0.9971021001915338	1	0.0028978998084660985
	0	5.623839091286636E-6	1	0.9999943761609086
	0	0.9999054412566645	1	9.455874333565716E-5
	0	0.06925895992098131	1	0.9307410400790187
	0	0.9999680368041237	1	3.1963195876350396E-5
	0	0.9996920730631212	1	3.0792693687881745E-4
	0	0.9979468541976634	1	0.0020531458023365663
	0	0.9930451579765017	1	0.006954842023498268
	0	0.9999036973493499	1	9.630265064998214E-5
	0	0.957196883502085	1	0.04280311649791497
	0	0.9964985475806758	1	0.0035014524193243157
	0	0.999955107243546	1	4.489275645389766E-5
	0	4.417143079465623E-5	1	0.9999558285692053
	0	0.9997255873023437	1	2.74412697656125E-4
	0	0.9997878549368887	1	2.1214506311124183E-4
	0	0.9993546014507323	1	6.453985492678147E-4
	0	0.9904962061270629	1	0.009503793872937078
	0	0.1478869192682089	1	0.8521130807317912
	0	0.9981627270610401	1	0.0018372729389599276
	0	0.9986360728137719	1	0.00136392718622817
	0	0.993028449662649	1	0.0069715503373511175
	0	0.9979454769256932	1	0.002054523074306762
	0	0.9856774741348707	1	0.014322525865129412
	0	0.996686132805024	1	0.0033138671949760295
	0	0.9996340502505142	1	3.6594974948581663E-4
	0	0.00231134138862546	1	0.9976886586113745
	0	0.9540480908688759	1	0.04595190913112414
	0	0.2864908210597748	1	0.7135091789402253
	0	0.9987540276330782	1	0.001245972366921748
	0	0.001493168586497755	1	0.9985068314135022
	0	0.9995602873050192	1	4.3971269498072665E-4
	0	0.9985090377071881	1	0.0014909622928117787
	0	0.9978520621302153	1	0.0021479378697845997
	0	0.24756781421034427	1	0.7524321857896558
	0	0.4381129561742595	1	0.5618870438257406
	0	0.4921866545427595	1	0.5078133454572404
	0	0.002609391052817852	1	0.9973906089471821
	0	0.999888683421752	1	1.113165782480312E-4
	0	0.006208842137668942	1	0.9937911578623311
	0	0.8164791308888022	1	0.18352086911119772
	0	0.9893993024127539	1	0.01060069758724611
	0	0.6841679411475959	1	0.3158320588524041
	0	0.002462497639511066	1	0.997537502360489
	0	0.05428665487483123	1	0.9457133451251689
	0	4.8070983532299636E-5	1	0.9999519290164678
	0	0.4162730469198451	1	0.583726953080155
	0	0.001972659802358298	1	0.9980273401976417
	0	0.9940592411784359	1	0.005940758821563985
	0	0.7201464780390929	1	0.27985352196090696
	0	0.0041384096151846055	1	0.9958615903848154
	0	0.19807850075588815	1	0.8019214992441118
	0	0.001564594962621506	1	0.9984354050373786
	0	0.9995599161178044	1	4.4008388219556765E-4
	0	0.9996694793369648	1	3.3052066303527246E-4
	0	0.9984779936319045	1	0.0015220063680954471
	0	0.9973738729696532	1	0.0026261270303467297
	0	0.999570161470321	1	4.298385296790492E-4
	0	0.9997961018462729	1	2.0389815372708303E-4
	0	0.9963061441702639	1	0.003693855829736158
	0	0.9987058003859898	1	0.001294199614010204
	0	0.9986203037591634	1	0.0013796962408366103
	0	0.07168379649648776	1	0.9283162035035122
	0	0.003684476050984205	1	0.9963155239490158
	0	0.02090880347654344	1	0.9790911965234566
	0	6.3174211951475E-4	1	0.9993682578804851
	0	0.12486675705230235	1	0.8751332429476977
	0	0.9932996424615747	1	0.006700357538425251
	0	0.9998687544296593	1	1.3124557034066052E-4
	0	0.01122770103445487	1	0.9887722989655451
	0	0.004558364948993002	1	0.9954416350510069
	0	0.9908565950834292	1	0.009143404916570879
	0	0.005913055645971426	1	0.9940869443540286
	0	0.99919999467241	1	8.000053275900183E-4
	0	0.0053207878975147765	1	0.9946792121024851
	0	1.0662869673870896E-4	1	0.9998933713032613
	0	0.0741640208941535	1	0.9258359791058464
	0	0.9986883804794559	1	0.001311619520544145
	0	0.9987667158904046	1	0.0012332841095954452
	0	0.11084501306679788	1	0.8891549869332022
	0	0.9998291331115587	1	1.7086688844115153E-4
	0	0.23266476694110255	1	0.7673352330588975
	0	2.592275285936303E-4	1	0.9997407724714064
	0	0.988440611538722	1	0.011559388461278092
	0	0.9899360235724178	1	0.010063976427582121
	0	9.046687700364253E-4	1	0.9990953312299636
	0	0.942225168214057	1	0.057774831785943
	0	0.02644153465903158	1	0.9735584653409683
	0	3.928908424892746E-5	1	0.9999607109157512
	0	0.7329934255525886	1	0.26700657444741144
	0	0.9652137078658353	1	0.034786292134164634
	0	0.023827850341674367	1	0.9761721496583257
	0	0.0016271611656248652	1	0.9983728388343751
	0	0.9993196851609664	1	6.803148390336222E-4
	0	0.9303435207641126	1	0.06965647923588725
	0	0.942225168214057	1	0.057774831785943
	0	0.04650972443136662	1	0.9534902755686334
	0	0.9996716699833308	1	3.283300166693152E-4
	0	0.9996501976713321	1	3.49802328667836E-4
	0	0.9996433380448831	1	3.5666195511689793E-4
	0	0.04650972443136662	1	0.9534902755686334
	0	0.9993106221079845	1	6.893778920154913E-4
	0	0.999567343854901	1	4.32656145098987E-4
	0	0.997440877860573	1	0.0025591221394268304
	0	0.18857268529348062	1	0.8114273147065194
	0	2.5233496127555926E-4	1	0.9997476650387245
	0	0.14543102912674521	1	0.8545689708732548
	0	0.9997136844715585	1	2.8631552844162893E-4
	0	0.9998211717753227	1	1.7882822467717147E-4
	0	0.9974808599380045	1	0.0025191400619954986
	0	0.0035330791282773165	1	0.9964669208717226
	0	0.05507770476491445	1	0.9449222952350856
	0	0.019372293005335713	1	0.9806277069946643
	0	0.054357826766100875	1	0.9456421732338991
	0	0.00231134138862546	1	0.9976886586113745
	0	0.00453036934602491	1	0.9954696306539751
	0	0.759186963508035	1	0.24081303649196492
	0	0.999624604478457	1	3.753955215430442E-4
	0	0.001069547505603136	1	0.9989304524943969
	0	0.9985286656734783	1	0.0014713343265216707
	0	0.1656112212925506	1	0.8343887787074494
	0	0.9997884568276905	1	2.1154317230955182E-4
	0	0.005936189153324877	1	0.9940638108466751
	0	0.01574659972061617	1	0.9842534002793839
	0	0.0767240687585468	1	0.9232759312414532
	0	0.9999218016481536	1	7.819835184648622E-5
	0	0.06922152949780748	1	0.9307784705021924
	0	0.024822616884952287	1	0.9751773831150476
	0	0.9823488472136547	1	0.017651152786345405
	0	0.9975084373082408	1	0.002491562691759138
	0	0.12861605038762527	1	0.8713839496123748
	0	0.0011644688405297186	1	0.9988355311594702
	0	0.9688973011307753	1	0.031102698869224656
	0	0.999782093661977	1	2.179063380230756E-4
	0	0.9995909094948214	1	4.0909050517857126E-4
	0	0.9982789522935739	1	0.0017210477064259762
	0	0.9996597755697204	1	3.4022443027958304E-4
	0	0.9970284897185001	1	0.0029715102814999016
	0	0.9956853299322441	1	0.00431467006775592
	0	0.995790290939213	1	0.0042097090607869795
	0	0.0033884125704936163	1	0.9966115874295064
	0	0.9994344896262549	1	5.655103737451806E-4
	0	0.9987303513334168	1	0.0012696486665831693
	0	0.9994078485199817	1	5.921514800183186E-4
	0	0.19132372572743472	1	0.8086762742725653
	0	0.999591738715819	1	4.0826128418101605E-4
	0	0.2865107723706124	1	0.7134892276293876
	0	0.00231134138862546	1	0.9976886586113745
	0	0.9999369361517059	1	6.306384829427594E-5
	0	0.997095124358112	1	0.0029048756418880513
	0	0.9978492253916592	1	0.002150774608340748
	0	0.9975665290893462	1	0.0024334709106538935
	0	0.9997039064190981	1	2.960935809017482E-4
	0	0.9847010901580022	1	0.015298909841997686
	0	0.9990247706483838	1	9.752293516161029E-4
	0	0.9987812258144828	1	0.0012187741855171946
	0	0.9991816068018925	1	8.183931981075003E-4
	0	0.04827192454849566	1	0.9517280754515044
	0	8.701096015036234E-4	1	0.9991298903984964
	0	0.9996731544827726	1	3.268455172274566E-4
	0	0.9977944980896903	1	0.00220550191030969
	0	0.04233129423973831	1	0.9576687057602616
	0	0.011809689621115478	1	0.9881903103788845
	0	0.9866979397748991	1	0.013302060225101017
	0	0.9998523523143128	1	1.4764768568728822E-4
	0	0.9994065970658355	1	5.93402934164511E-4
	0	0.9981847620133023	1	0.0018152379866976345
	0	0.9998295938233798	1	1.7040617662025513E-4
	0	0.9999116995326066	1	8.830046739341299E-5
	0	0.011983374554644046	1	0.9880166254453558
	0	0.9989722053370164	1	0.0010277946629837107
	0	0.9964154214762957	1	0.003584578523704306
	0	0.40759175815128784	1	0.5924082418487122
	0	0.9969991146524795	1	0.003000885347520397
	0	0.9996043267244867	1	3.95673275513415E-4
	0	0.8475282707913149	1	0.15247172920868507
	0	0.2599651543499346	1	0.7400348456500654
	0	0.9994383276350913	1	5.616723649087787E-4
	0	0.8398036635101802	1	0.1601963364898197
	0	0.9990324196039199	1	9.675803960801422E-4
	0	0.002392800766464776	1	0.9976071992335351
	0	0.9967335032162713	1	0.0032664967837288616
	0	0.9943608968414097	1	0.005639103158590241
	0	0.9999445088067467	1	5.549119325323743E-5
	0	0.05085870963559216	1	0.9491412903644078
	0	0.9969651656523486	1	0.0030348343476513354
	0	0.9984542787269383	1	0.0015457212730617168
	0	0.9965243389555803	1	0.003475661044419716
	0	0.9998217831049923	1	1.7821689500769483E-4
	0	0.990113098024782	1	0.009886901975218026
	0	0.9925560853518454	1	0.007443914648154663
	0	0.009320482492630174	1	0.9906795175073697
	0	0.18994787099046895	1	0.810052129009531
	0	0.9988693562270532	1	0.0011306437729468569
	0	0.9993548431933887	1	6.451568066112408E-4
	0	0.9827616638999787	1	0.017238336100021387
	0	5.759826610123691E-6	1	0.9999942401733898
	0	0.9233512691604234	1	0.07664873083957645
	0	0.9855331992972447	1	0.014466800702755205
	0	0.99976137476835	1	2.3862523164995823E-4
	0	0.031202584979052768	1	0.9687974150209472
	0	0.9997028221476997	1	2.971778523003653E-4
	0	0.9991810602716289	1	8.189397283712099E-4
	0	0.9998431210261846	1	1.5687897381549512E-4
	0	0.9998438485423381	1	1.561514576618416E-4
	0	0.9988809310941962	1	0.0011190689058038238
	0	0.9217090057996562	1	0.07829099420034381
	0	0.9290390833943675	1	0.07096091660563245
	0	0.9926073032031075	1	0.007392696796892597
	0	0.9972358915254073	1	0.0027641084745926225
	0	0.9506353952058064	1	0.049364604794193676
	0	0.03036373615851544	1	0.9696362638414846
	0	0.9973695627205518	1	0.0026304372794482174
	0	0.9956276092630243	1	0.004372390736975672
	0	0.015376866841158094	1	0.984623133158842
	0	0.9919760202569073	1	0.008023979743092663
	0	0.9861076852049988	1	0.013892314795001156
	0	0.9939330680687865	1	0.006066931931213542
	0	0.2043851347176439	1	0.7956148652823561
	0	5.043767909674051E-5	1	0.9999495623209034
	0	0.9164027571215964	1	0.0835972428784037
	0	0.9995794644788637	1	4.205355211363336E-4
	0	0.008065507577961616	1	0.9919344924220383
	0	0.9993708727654932	1	6.29127234506844E-4
	0	0.16321146259925007	1	0.83678853740075
	0	0.9837938142272349	1	0.016206185772765107
	0	0.9999793166565127	1	2.0683343487298556E-5
	0	0.9997546917545824	1	2.453082454175594E-4
	0	0.9988002759312067	1	0.0011997240687933574
	0	0.9999115371016348	1	8.846289836519482E-5
	0	0.998956748740897	1	0.0010432512591029017
	0	4.3587767714486886E-5	1	0.9999564122322856
	0	0.9988709923630394	1	0.0011290076369606117
	0	0.12312114090495889	1	0.8768788590950412
	0	0.05184920540436148	1	0.9481507945956384
	0	0.9875344916791475	1	0.012465508320852442
	0	0.9996221286217019	1	3.77871378298155E-4
	0	0.18586821007335244	1	0.8141317899266475
	0	0.9994344896262549	1	5.655103737451806E-4
	0	0.4162730469198451	1	0.583726953080155
	0	0.9994785576986908	1	5.214423013092203E-4
	0	3.7839945133043526E-5	1	0.9999621600548668
	0	0.010695197498356806	1	0.9893048025016431
	0	0.9986338069730433	1	0.0013661930269567493
	0	0.9993830948379031	1	6.169051620969767E-4
	0	0.07198828521028319	1	0.9280117147897168
	0	0.9992305195994302	1	7.694804005697022E-4
	0	0.02920439152089453	1	0.9707956084791055
	0	0.0054926187984113755	1	0.9945073812015887
	0	0.23134460513042543	1	0.7686553948695746
	0	0.9962526327350406	1	0.0037473672649592353
	0	0.9904672430380401	1	0.009532756961959918
	0	0.9988638785922491	1	0.0011361214077508243
	0	1.1805338905241118E-4	1	0.9998819466109476
	0	0.9998000102505208	1	1.999897494792884E-4
	0	0.9985018719427239	1	0.0014981280572760446
	0	0.030912600238438247	1	0.9690873997615618
	0	0.7576942258966055	1	0.24230577410339454
	0	0.9927784062273743	1	0.007221593772625756
	0	0.061217620778092126	1	0.9387823792219079
	0	0.482235542475808	1	0.5177644575241919
	0	0.00704061909147254	1	0.9929593809085274
	0	0.2711003336558023	1	0.7288996663441977
	0	0.9062331748225431	1	0.09376682517745694
	0	0.40884486748307064	1	0.5911551325169294
	0	0.6281283448229711	1	0.3718716551770289
	0	5.978409177997804E-4	1	0.9994021590822002
	0	0.9924510203048968	1	0.00754897969510319
	0	0.9776240599057611	1	0.02237594009423898
	0	0.994067614464038	1	0.005932385535961993
	0	0.9997968497485658	1	2.0315025143427594E-4
